# ------------------------------------------------------------------------
# Radiance spectrum
# NASA-GSFC Planetary Spectrum Generator (PSG) (Villanueva et al. 2018, 2022)
# Synthesized on Tue May 13 20:34:32 2025
# Doppler velocities [km/s] (vobs,vrot+vorb,vwidth,vrfl,vstr): 22.08700,-0.00000,8.67000,-0.44364,0.00000
# ------------------------------------------------------------------------
# Spectra synthesized with the Planetary and Universal Model of Atmospheric Scattering (PUMAS, Villanueva et al. 2018, 2022)
# Multiple scattering method employing PSGDORT, NMAX:2 / LMAX:60 / gMAX:0.95
# Radiative transfer took 6.252 seconds
# ------------------------------------------------------------------------
# Spectral unit: Wavelength [um]
# Radiance unit: Spectral irradiance [Jy]
# Wave/freq Total Jupiter
1.000000000e-01  4.6677426e-11  4.66774e-11
1.010000000e-01  5.6581347e-11  5.65813e-11
1.020100000e-01  6.9696152e-11  6.96962e-11
1.030301000e-01  8.7669090e-11  8.76691e-11
1.040604010e-01  1.0790897e-10  1.07909e-10
1.051010050e-01  1.3588365e-10  1.35884e-10
1.061520151e-01  1.7682179e-10  1.76822e-10
1.072135352e-01  2.4197599e-10  2.41976e-10
1.082856706e-01  3.4158902e-10  3.41589e-10
1.093685273e-01  4.4082740e-10  4.40827e-10
1.104622125e-01  5.9682435e-10  5.96824e-10
1.115668347e-01  8.7568121e-10  8.75681e-10
1.126825030e-01  1.5115631e-09  1.51156e-09
1.138093280e-01  2.2572922e-09  2.25729e-09
1.149474213e-01  3.0513691e-09  3.05137e-09
1.160968955e-01  4.4836476e-09  4.48365e-09
1.172578645e-01  7.8263451e-09  7.82635e-09
1.184304431e-01  1.2164972e-07  1.21650e-07
1.196147476e-01  1.2754601e-07  1.27546e-07
1.208108950e-01  1.3922453e-07  1.39225e-07
1.220190040e-01  1.5293223e-07  1.52932e-07
1.232391940e-01  1.6020389e-07  1.60204e-07
1.244715860e-01  1.6594443e-07  1.65944e-07
1.257163018e-01  1.7132476e-07  1.71325e-07
1.269734649e-01  1.7862333e-07  1.78623e-07
1.282431995e-01  1.8995047e-07  1.89950e-07
1.295256315e-01  2.0814520e-07  2.08145e-07
1.308208878e-01  2.3790546e-07  2.37905e-07
1.321290967e-01  2.9234557e-07  2.92346e-07
1.334503877e-01  3.8910386e-07  3.89104e-07
1.347848915e-01  5.4661691e-07  5.46617e-07
1.361327404e-01  9.0077886e-07  9.00779e-07
1.374940679e-01  1.6067357e-06  1.60674e-06
1.388690085e-01  3.4029360e-06  3.40294e-06
1.402576986e-01  8.4681326e-06  8.46813e-06
1.416602756e-01  2.1841450e-05  2.18415e-05
1.430768784e-01  9.3141382e-05  9.31414e-05
1.445076471e-01  4.5605535e-04  4.56055e-04
1.459527236e-01  2.4945084e-03  2.49451e-03
1.474122509e-01  1.1535915e-02  1.15359e-02
1.488863734e-01  4.2550627e-02  4.25506e-02
1.503752371e-01  8.2777661e-02  8.27777e-02
1.518789895e-01  1.0171014e-01  1.01710e-01
1.533977794e-01  1.1436536e-01  1.14365e-01
1.549317572e-01  1.1895436e-01  1.18954e-01
1.564810747e-01  1.2356675e-01  1.23567e-01
1.580458855e-01  1.2819442e-01  1.28194e-01
1.596263443e-01  1.3282950e-01  1.32829e-01
1.612226078e-01  1.3746449e-01  1.37464e-01
1.628348338e-01  1.4209240e-01  1.42092e-01
1.644631822e-01  1.4666617e-01  1.46666e-01
1.661078140e-01  1.5119951e-01  1.51200e-01
1.677688921e-01  1.5569364e-01  1.55694e-01
1.694465811e-01  1.6014487e-01  1.60145e-01
1.711410469e-01  1.6455196e-01  1.64552e-01
1.728524573e-01  1.6890977e-01  1.68910e-01
1.745809819e-01  1.7321366e-01  1.73214e-01
1.763267917e-01  1.7746426e-01  1.77464e-01
1.780900597e-01  1.8166097e-01  1.81661e-01
1.798709603e-01  1.8580164e-01  1.85802e-01
1.816696699e-01  1.8988562e-01  1.89886e-01
1.834863666e-01  1.9391609e-01  1.93916e-01
1.853212302e-01  1.9788585e-01  1.97886e-01
1.871744425e-01  2.0179370e-01  2.01794e-01
1.890461869e-01  2.0564265e-01  2.05643e-01
1.909366488e-01  2.0944229e-01  2.09442e-01
1.928460153e-01  2.1320949e-01  2.13209e-01
1.947744755e-01  2.1696061e-01  2.16961e-01
1.967222202e-01  2.2073114e-01  2.20731e-01
1.986894424e-01  2.2403082e-01  2.24031e-01
2.006763368e-01  2.2728977e-01  2.27290e-01
2.026831002e-01  2.3044645e-01  2.30446e-01
2.047099312e-01  2.3354640e-01  2.33546e-01
2.067570305e-01  2.3660885e-01  2.36609e-01
2.088246008e-01  2.3964722e-01  2.39647e-01
2.109128468e-01  2.4267699e-01  2.42677e-01
2.130219753e-01  2.4571574e-01  2.45716e-01
2.151521951e-01  2.4878292e-01  2.48783e-01
2.173037170e-01  2.5190059e-01  2.51901e-01
2.194767542e-01  2.5509340e-01  2.55093e-01
2.216715217e-01  2.5838884e-01  2.58389e-01
2.238882369e-01  2.6181743e-01  2.61817e-01
2.261271193e-01  2.6541310e-01  2.65413e-01
2.283883905e-01  2.6921341e-01  2.69213e-01
2.306722744e-01  2.7325994e-01  2.73260e-01
2.329789971e-01  2.7759868e-01  2.77599e-01
2.353087871e-01  2.8228048e-01  2.82280e-01
2.376618750e-01  2.8736123e-01  2.87361e-01
2.400384937e-01  2.9337137e-01  2.93371e-01
2.424388787e-01  3.0023194e-01  3.00232e-01
2.448632675e-01  3.0783607e-01  3.07836e-01
2.473119001e-01  3.1629164e-01  3.16292e-01
2.497850191e-01  3.2571270e-01  3.25713e-01
2.522828693e-01  3.3622701e-01  3.36227e-01
2.548056980e-01  3.4798436e-01  3.47984e-01
2.573537550e-01  3.6114585e-01  3.61146e-01
2.599272926e-01  3.7589068e-01  3.75891e-01
2.625265655e-01  3.9242805e-01  3.92428e-01
2.651518311e-01  4.0823607e-01  4.08236e-01
2.678033494e-01  4.2281105e-01  4.22811e-01
2.704813829e-01  4.3866890e-01  4.38669e-01
2.731861968e-01  4.5592599e-01  4.55926e-01
2.759180587e-01  4.7471332e-01  4.74713e-01
2.786772393e-01  4.9516474e-01  4.95165e-01
2.814640117e-01  5.1741312e-01  5.17413e-01
2.842786518e-01  5.4167199e-01  5.41672e-01
2.871214384e-01  5.6807917e-01  5.68079e-01
2.899926527e-01  5.9683773e-01  5.96838e-01
2.928925793e-01  6.2817031e-01  6.28170e-01
2.958215051e-01  6.6005263e-01  6.60053e-01
2.987797201e-01  6.8553291e-01  6.85533e-01
3.017675173e-01  7.1250956e-01  7.12510e-01
3.047851925e-01  7.4112624e-01  7.41126e-01
3.078330444e-01  7.7143455e-01  7.71435e-01
3.109113749e-01  8.0352553e-01  8.03526e-01
3.140204886e-01  8.3753486e-01  8.37535e-01
3.171606935e-01  8.7367437e-01  8.73674e-01
3.203323004e-01  9.1188420e-01  9.11884e-01
3.235356234e-01  9.5243896e-01  9.52439e-01
3.267709797e-01  9.9498824e-01  9.94988e-01
3.300386895e-01  1.0369536e+00  1.03695e+00
3.333390764e-01  1.0811686e+00  1.08117e+00
3.366724671e-01  1.1277815e+00  1.12778e+00
3.400391918e-01  1.1770899e+00  1.17709e+00
3.434395837e-01  1.2289734e+00  1.22897e+00
3.468739795e-01  1.2836230e+00  1.28362e+00
3.503427193e-01  1.3414237e+00  1.34142e+00
3.538461465e-01  1.4023521e+00  1.40235e+00
3.573846080e-01  1.4564146e+00  1.45641e+00
3.609584541e-01  1.5114452e+00  1.51145e+00
3.645680386e-01  1.5689988e+00  1.56900e+00
3.682137190e-01  1.6292880e+00  1.62929e+00
3.718958562e-01  1.6919818e+00  1.69198e+00
3.756148148e-01  1.7573213e+00  1.75732e+00
3.793709629e-01  1.8256638e+00  1.82566e+00
3.831646725e-01  1.8969540e+00  1.89695e+00
3.869963193e-01  1.9714640e+00  1.97146e+00
3.908662824e-01  2.0400762e+00  2.04008e+00
3.947749453e-01  2.1098154e+00  2.10982e+00
3.987226947e-01  2.1820285e+00  2.18203e+00
4.027099217e-01  2.2575122e+00  2.25751e+00
4.067370209e-01  2.3348380e+00  2.33484e+00
4.108043911e-01  2.4162620e+00  2.41626e+00
4.149124350e-01  2.4942022e+00  2.49420e+00
4.190615594e-01  2.5648116e+00  2.56481e+00
4.232521750e-01  2.6391952e+00  2.63920e+00
4.274846967e-01  2.7146054e+00  2.71461e+00
4.317595437e-01  2.7919000e+00  2.79190e+00
4.360771391e-01  2.8702146e+00  2.87021e+00
4.404379105e-01  2.9463653e+00  2.94637e+00
4.448422896e-01  3.0163247e+00  3.01632e+00
4.492907125e-01  3.0590128e+00  3.05901e+00
4.537836196e-01  3.0964662e+00  3.09647e+00
4.583214558e-01  3.1336118e+00  3.13361e+00
4.629046704e-01  3.1776332e+00  3.17763e+00
4.675337171e-01  3.2189641e+00  3.21896e+00
4.722090543e-01  3.2609801e+00  3.26098e+00
4.769311448e-01  3.3015416e+00  3.30154e+00
4.817004562e-01  3.3336089e+00  3.33361e+00
4.865174608e-01  3.3579830e+00  3.35798e+00
4.913826354e-01  3.4261395e+00  3.42614e+00
4.962964618e-01  3.4697495e+00  3.46975e+00
5.012594264e-01  3.5105278e+00  3.51053e+00
5.062720206e-01  3.5456494e+00  3.54565e+00
5.113347409e-01  3.5830456e+00  3.58305e+00
5.164480883e-01  3.6331575e+00  3.63316e+00
5.216125691e-01  3.6752866e+00  3.67529e+00
5.268286948e-01  3.7205459e+00  3.72055e+00
5.320969818e-01  3.7583852e+00  3.75839e+00
5.374179516e-01  3.7656135e+00  3.76561e+00
5.427921311e-01  3.7310619e+00  3.73106e+00
5.482200524e-01  3.8804369e+00  3.88044e+00
5.537022530e-01  3.9367819e+00  3.93678e+00
5.592392755e-01  3.9790162e+00  3.97902e+00
5.648316682e-01  4.0114489e+00  4.01145e+00
5.704799849e-01  3.9987595e+00  3.99876e+00
5.761847848e-01  3.9769217e+00  3.97692e+00
5.819466326e-01  4.0130262e+00  4.01303e+00
5.877660989e-01  4.0239322e+00  4.02393e+00
5.936437599e-01  4.0056775e+00  4.00568e+00
5.995801975e-01  3.9993325e+00  3.99933e+00
6.055759995e-01  4.0076807e+00  4.00768e+00
6.116317595e-01  3.9210849e+00  3.92108e+00
6.177480771e-01  3.6230698e+00  3.62307e+00
6.239255579e-01  3.7707064e+00  3.77071e+00
6.301648135e-01  3.9963535e+00  3.99635e+00
6.364664616e-01  3.9997542e+00  3.99975e+00
6.428311262e-01  3.9788849e+00  3.97888e+00
6.492594375e-01  3.9649569e+00  3.96496e+00
6.557520318e-01  3.9271057e+00  3.92711e+00
6.623095522e-01  3.8605556e+00  3.86056e+00
6.689326477e-01  3.8576372e+00  3.85764e+00
6.756219742e-01  3.9535926e+00  3.95359e+00
6.823781939e-01  3.9279288e+00  3.92793e+00
6.892019758e-01  3.9274173e+00  3.92742e+00
6.960939956e-01  3.8624408e+00  3.86244e+00
7.030549355e-01  3.6765431e+00  3.67654e+00
7.100854849e-01  3.7762557e+00  3.77626e+00
7.171863398e-01  3.4807953e+00  3.48080e+00
7.243582032e-01  2.5639770e+00  2.56398e+00
7.316017852e-01  2.7350051e+00  2.73501e+00
7.389178030e-01  3.5730823e+00  3.57308e+00
7.463069811e-01  3.7275911e+00  3.72759e+00
7.537700509e-01  3.7012445e+00  3.70124e+00
7.613077514e-01  3.6108637e+00  3.61086e+00
7.689208289e-01  3.5388107e+00  3.53881e+00
7.766100372e-01  3.3981726e+00  3.39817e+00
7.843761376e-01  3.1538076e+00  3.15381e+00
7.922198989e-01  3.1280452e+00  3.12805e+00
8.001420979e-01  3.0485792e+00  3.04858e+00
8.081435189e-01  3.2603808e+00  3.26038e+00
8.162249541e-01  3.3924693e+00  3.39247e+00
8.243872036e-01  3.4234937e+00  3.42349e+00
8.326310757e-01  3.4172823e+00  3.41728e+00
8.409573864e-01  3.3894130e+00  3.38941e+00
8.493669603e-01  3.3482130e+00  3.34821e+00
8.578606299e-01  3.3128086e+00  3.31281e+00
8.664392362e-01  3.2128331e+00  3.21283e+00
8.751036286e-01  2.6180523e+00  2.61805e+00
8.838546648e-01  6.2552352e-01  6.25524e-01
8.926932115e-01  6.8362697e-01  6.83627e-01
9.016201436e-01  1.5826938e+00  1.58269e+00
9.106363450e-01  2.6645714e+00  2.66457e+00
9.197427085e-01  3.0258663e+00  3.02587e+00
9.289401356e-01  2.7971946e+00  2.79719e+00
9.382295369e-01  2.9066274e+00  2.90663e+00
9.476118323e-01  2.9274783e+00  2.92748e+00
9.570879506e-01  2.8343899e+00  2.83439e+00
9.666588301e-01  2.4832475e+00  2.48325e+00
9.763254184e-01  2.2378937e+00  2.23789e+00
9.860886726e-01  1.9792911e+00  1.97929e+00
9.959495593e-01  1.8773567e+00  1.87736e+00
1.005909055e+00  1.9105661e+00  1.91057e+00
1.015968145e+00  1.9903002e+00  1.99030e+00
1.026127827e+00  2.2240260e+00  2.22403e+00
1.036389105e+00  2.3965096e+00  2.39651e+00
1.046752996e+00  2.4075362e+00  2.40754e+00
1.057220526e+00  2.3981258e+00  2.39813e+00
1.067792731e+00  2.3925215e+00  2.39252e+00
1.078470659e+00  2.3546882e+00  2.35469e+00
1.089255365e+00  2.1805342e+00  2.18053e+00
1.100147919e+00  1.9389740e+00  1.93897e+00
1.111149398e+00  1.2549030e+00  1.25490e+00
1.122260892e+00  5.2604852e-01  5.26049e-01
1.133483501e+00  2.4216613e-01  2.42166e-01
1.144818336e+00  3.0908120e-01  3.09081e-01
1.156266520e+00  1.0029592e-01  1.00296e-01
1.167829185e+00  1.1676345e-01  1.16763e-01
1.179507477e+00  3.3799180e-01  3.37992e-01
1.191302551e+00  6.7012773e-01  6.70128e-01
1.203215577e+00  1.1335366e+00  1.13354e+00
1.215247733e+00  1.4490885e+00  1.44909e+00
1.227400210e+00  1.4275673e+00  1.42757e+00
1.239674212e+00  1.4659242e+00  1.46592e+00
1.252070954e+00  1.5525451e+00  1.55255e+00
1.264591664e+00  1.5724965e+00  1.57250e+00
1.277237580e+00  1.5918242e+00  1.59182e+00
1.290009956e+00  1.5606273e+00  1.56063e+00
1.302910056e+00  1.4192796e+00  1.41928e+00
1.315939156e+00  7.2682089e-01  7.26821e-01
1.329098548e+00  4.9340458e-01  4.93405e-01
1.342389533e+00  1.5536834e-01  1.55368e-01
1.355813429e+00  4.7325439e-02  4.73254e-02
1.369371563e+00  6.7302311e-02  6.73023e-02
1.383065279e+00  3.1529920e-02  3.15299e-02
1.396895931e+00  3.7100452e-02  3.71005e-02
1.410864891e+00  5.6784638e-02  5.67846e-02
1.424973540e+00  1.8477265e-01  1.84773e-01
1.439223275e+00  3.1521248e-01  3.15212e-01
1.453615508e+00  2.6240809e-01  2.62408e-01
1.468151663e+00  2.3612853e-01  2.36129e-01
1.482833179e+00  2.1821220e-01  2.18212e-01
1.497661511e+00  2.4930272e-01  2.49303e-01
1.512638126e+00  2.6394382e-01  2.63944e-01
1.527764508e+00  2.8377808e-01  2.83778e-01
1.543042153e+00  3.1020410e-01  3.10204e-01
1.558472574e+00  3.3335085e-01  3.33351e-01
1.574057300e+00  3.6804703e-01  3.68047e-01
1.589797873e+00  4.0311204e-01  4.03112e-01
1.605695852e+00  4.2062808e-01  4.20628e-01
1.621752810e+00  2.6059801e-01  2.60598e-01
1.637970338e+00  8.2918108e-02  8.29181e-02
1.654350042e+00  4.1691841e-02  4.16918e-02
1.670893542e+00  6.1227452e-02  6.12275e-02
1.687602477e+00  5.1123574e-02  5.11236e-02
1.704478502e+00  6.5207745e-03  6.52077e-03
1.721523287e+00  5.3023153e-03  5.30232e-03
1.738738520e+00  6.4331585e-02  6.43316e-02
1.756125905e+00  7.6594836e-02  7.65948e-02
1.773687164e+00  1.3621915e-02  1.36219e-02
1.791424036e+00  3.4277530e-02  3.42775e-02
1.809338276e+00  1.1560493e-01  1.15605e-01
1.827431659e+00  1.9092444e-01  1.90924e-01
1.845705976e+00  1.2998961e-01  1.29990e-01
1.864163036e+00  2.7048679e-01  2.70487e-01
1.882804666e+00  2.8392476e-01  2.83925e-01
1.901632713e+00  1.8138544e-01  1.81385e-01
1.920649040e+00  9.1064688e-02  9.10647e-02
1.939855530e+00  6.2344250e-02  6.23442e-02
1.959254085e+00  4.5522350e-02  4.55224e-02
1.978846626e+00  3.6915870e-02  3.69159e-02
1.998635092e+00  2.9905481e-02  2.99055e-02
2.018621443e+00  2.5477824e-02  2.54778e-02
2.038807658e+00  2.0445674e-02  2.04457e-02
2.059195734e+00  1.5565007e-02  1.55650e-02
2.079787692e+00  9.6228185e-03  9.62282e-03
2.100585569e+00  6.1555632e-03  6.15556e-03
2.121591424e+00  6.6034136e-03  6.60341e-03
2.142807339e+00  1.1072487e-02  1.10725e-02
2.164235412e+00  5.9248758e-03  5.92488e-03
2.185877766e+00  6.2485369e-03  6.24854e-03
2.207736544e+00  2.9204517e-03  2.92045e-03
2.229813909e+00  7.6978381e-04  7.69784e-04
2.252112048e+00  4.3661388e-04  4.36614e-04
2.274633169e+00  7.0186414e-05  7.01864e-05
2.297379500e+00  8.1177271e-06  8.11773e-06
2.320353295e+00  1.5882505e-05  1.58825e-05
2.343556828e+00  8.4582852e-06  8.45829e-06
2.366992397e+00  9.1501104e-06  9.15011e-06
2.390662321e+00  4.3251489e-05  4.32515e-05
2.414568944e+00  1.4118269e-04  1.41183e-04
2.438714633e+00  4.7723529e-04  4.77235e-04
2.463101780e+00  4.3359772e-03  4.33598e-03
2.487732797e+00  1.2354320e-02  1.23543e-02
2.512610125e+00  1.6862068e-02  1.68621e-02
2.537736227e+00  2.0899641e-02  2.08996e-02
2.563113589e+00  5.3064086e-03  5.30641e-03
2.588744725e+00  6.6253540e-03  6.62535e-03
2.614632172e+00  2.6591867e-02  2.65919e-02
2.640778494e+00  5.5019461e-02  5.50195e-02
2.667186279e+00  5.4978804e-02  5.49788e-02
2.693858142e+00  2.4069419e-02  2.40694e-02
2.720796723e+00  0.0000000e+00  0.00000e+00
2.748004690e+00  0.0000000e+00  0.00000e+00
2.775484737e+00  0.0000000e+00  0.00000e+00
2.803239584e+00  0.0000000e+00  0.00000e+00
2.831271980e+00  0.0000000e+00  0.00000e+00
2.859584700e+00  0.0000000e+00  0.00000e+00
2.888180547e+00  0.0000000e+00  0.00000e+00
2.917062353e+00  0.0000000e+00  0.00000e+00
2.946232976e+00  0.0000000e+00  0.00000e+00
2.975695306e+00  0.0000000e+00  0.00000e+00
3.005452259e+00  0.0000000e+00  0.00000e+00
3.035506781e+00  0.0000000e+00  0.00000e+00
3.065861849e+00  2.8594938e-04  2.85949e-04
3.096520468e+00  3.5463510e-04  3.54635e-04
3.127485672e+00  0.0000000e+00  0.00000e+00
3.158760529e+00  0.0000000e+00  0.00000e+00
3.190348134e+00  1.2516285e-03  1.25163e-03
3.222251616e+00  3.1850020e-03  3.18500e-03
3.254474132e+00  5.9793919e-03  5.97939e-03
3.287018873e+00  4.7451254e-03  4.74513e-03
3.319889062e+00  1.5159588e-02  1.51596e-02
3.353087953e+00  1.0858820e-02  1.08588e-02
3.386618832e+00  1.2523428e-02  1.25234e-02
3.420485021e+00  1.7163465e-02  1.71635e-02
3.454689871e+00  1.4969793e-02  1.49698e-02
3.489236769e+00  2.0100304e-02  2.01003e-02
3.524129137e+00  1.7482808e-02  1.74828e-02
3.559370428e+00  2.4424411e-02  2.44244e-02
3.594964133e+00  2.8526710e-02  2.85267e-02
3.630913774e+00  2.2386869e-02  2.23869e-02
3.667222912e+00  2.2122886e-02  2.21229e-02
3.703895141e+00  3.1958994e-02  3.19590e-02
3.740934092e+00  3.5031289e-02  3.50313e-02
3.778343433e+00  4.3276795e-02  4.32768e-02
3.816126868e+00  3.0787982e-02  3.07880e-02
3.854288136e+00  6.3989530e-02  6.39895e-02
3.892831018e+00  6.2015600e-02  6.20156e-02
3.931759328e+00  6.0876174e-02  6.08762e-02
3.971076921e+00  5.7110261e-02  5.71103e-02
4.010787690e+00  4.2256281e-02  4.22563e-02
4.050895567e+00  3.9400852e-02  3.94009e-02
4.091404523e+00  2.7850524e-02  2.78505e-02
4.132318568e+00  2.3212120e-02  2.32121e-02
4.173641754e+00  2.5661178e-02  2.56612e-02
4.215378171e+00  3.1265670e-02  3.12657e-02
4.257531953e+00  2.8122644e-02  2.81226e-02
4.300107273e+00  2.5138707e-02  2.51387e-02
4.343108345e+00  2.2511078e-02  2.25111e-02
4.386539429e+00  5.2658445e-02  5.26584e-02
4.430404823e+00  9.6793276e-02  9.67933e-02
4.474708871e+00  9.3637836e-02  9.36378e-02
4.519455960e+00  6.7648707e-02  6.76487e-02
4.564650520e+00  1.3751516e-01  1.37515e-01
4.610297025e+00  1.6531794e-01  1.65318e-01
4.656399995e+00  1.5691443e-01  1.56914e-01
4.702963995e+00  1.6336518e-01  1.63365e-01
4.749993635e+00  1.6025944e-01  1.60259e-01
4.797493571e+00  1.9174484e-01  1.91745e-01
4.845468507e+00  2.4053715e-01  2.40537e-01
4.893923192e+00  3.0284573e-01  3.02846e-01
4.942862424e+00  3.7485716e-01  3.74857e-01
4.992291048e+00  4.6112747e-01  4.61127e-01
5.042213959e+00  5.6417976e-01  5.64180e-01
5.092636098e+00  6.8845411e-01  6.88454e-01
5.143562459e+00  8.2881759e-01  8.28818e-01
5.194998084e+00  9.9400326e-01  9.94003e-01
5.246948065e+00  1.1913434e+00  1.19134e+00
5.299417545e+00  1.4156774e+00  1.41568e+00
5.352411721e+00  1.6744090e+00  1.67441e+00
5.405935838e+00  1.9797498e+00  1.97975e+00
5.459995196e+00  2.3271302e+00  2.32713e+00
5.514595148e+00  2.7290629e+00  2.72906e+00
5.569741100e+00  3.2284813e+00  3.22848e+00
5.625438511e+00  3.7459332e+00  3.74593e+00
5.681692896e+00  4.3955931e+00  4.39559e+00
5.738509825e+00  5.1640719e+00  5.16407e+00
5.795894923e+00  6.0880755e+00  6.08808e+00
5.853853872e+00  7.5878585e+00  7.58786e+00
5.912392411e+00  1.0330654e+01  1.03307e+01
5.971516335e+00  1.4244888e+01  1.42449e+01
6.031231499e+00  2.5319761e+01  2.53198e+01
6.091543814e+00  3.7179777e+01  3.71798e+01
6.152459252e+00  4.5611354e+01  4.56114e+01
6.213983844e+00  4.9962625e+01  4.99626e+01
6.276123683e+00  5.6471420e+01  5.64714e+01
6.338884920e+00  4.9092930e+01  4.90929e+01
6.402273769e+00  5.2051505e+01  5.20515e+01
6.466296506e+00  1.8853794e+02  1.88538e+02
6.530959471e+00  1.5420511e+02  1.54205e+02
6.596269066e+00  5.4553391e+01  5.45534e+01
6.662231757e+00  8.5035167e+01  8.50352e+01
6.728854074e+00  1.5114272e+02  1.51143e+02
6.796142615e+00  2.0410138e+02  2.04101e+02
6.864104041e+00  2.5873361e+02  2.58734e+02
6.932745082e+00  2.4818763e+02  2.48188e+02
7.002072533e+00  3.1612500e+02  3.16125e+02
7.072093258e+00  2.9769002e+02  2.97690e+02
7.142814190e+00  3.1118704e+02  3.11187e+02
7.214242332e+00  4.1004095e+02  4.10041e+02
7.286384756e+00  9.0560439e+02  9.05604e+02
7.359248603e+00  2.3708183e+03  2.37082e+03
7.432841089e+00  4.1942377e+03  4.19424e+03
7.507169500e+00  4.6522743e+03  4.65227e+03
7.582241195e+00  2.5868766e+03  2.58688e+03
7.658063607e+00  8.1381085e+03  8.13811e+03
7.734644243e+00  6.4257425e+03  6.42574e+03
7.811990686e+00  6.0073631e+03  6.00736e+03
7.890110592e+00  6.3071499e+03  6.30715e+03
7.969011698e+00  4.0825193e+03  4.08252e+03
8.048701815e+00  3.2995029e+03  3.29950e+03
8.129188834e+00  1.9886022e+03  1.98860e+03
8.210480722e+00  1.6649407e+03  1.66494e+03
8.292585529e+00  1.6690966e+03  1.66910e+03
8.375511384e+00  1.4978666e+03  1.49787e+03
8.459266498e+00  1.4724295e+03  1.47243e+03
8.543859163e+00  1.6050197e+03  1.60502e+03
8.629297755e+00  1.9471070e+03  1.94711e+03
8.715590732e+00  1.7898628e+03  1.78986e+03
8.802746640e+00  1.8976499e+03  1.89765e+03
8.890774106e+00  2.0206927e+03  2.02069e+03
8.979681847e+00  2.1793005e+03  2.17930e+03
9.069478666e+00  2.3603698e+03  2.36037e+03
9.160173452e+00  2.5521664e+03  2.55217e+03
9.251775187e+00  2.7653262e+03  2.76533e+03
9.344292939e+00  3.0201552e+03  3.02016e+03
9.437735868e+00  3.3029853e+03  3.30299e+03
9.532113227e+00  3.6144741e+03  3.61447e+03
9.627434359e+00  3.9571797e+03  3.95718e+03
9.723708703e+00  4.3273145e+03  4.32731e+03
9.820945790e+00  4.7296934e+03  4.72969e+03
9.919155248e+00  5.1569833e+03  5.15698e+03
1.001834680e+01  5.6072625e+03  5.60726e+03
1.011853027e+01  6.0536474e+03  6.05365e+03
1.021971557e+01  6.5362276e+03  6.53623e+03
1.032191273e+01  7.0494483e+03  7.04945e+03
1.042513185e+01  7.6019297e+03  7.60193e+03
1.052938317e+01  8.1749613e+03  8.17496e+03
1.063467700e+01  8.7820078e+03  8.78201e+03
1.074102377e+01  9.4164783e+03  9.41648e+03
1.084843401e+01  1.0108393e+04  1.01084e+04
1.095691835e+01  1.0827219e+04  1.08272e+04
1.106648754e+01  1.1579417e+04  1.15794e+04
1.117715241e+01  1.2373352e+04  1.23734e+04
1.128892393e+01  1.3200144e+04  1.32001e+04
1.140181317e+01  1.4074748e+04  1.40747e+04
1.151583131e+01  1.4996415e+04  1.49964e+04
1.163098962e+01  1.5958948e+04  1.59589e+04
1.174729952e+01  1.6975546e+04  1.69755e+04
1.186477251e+01  1.8044155e+04  1.80442e+04
1.198342024e+01  1.9173927e+04  1.91739e+04
1.210325444e+01  2.0366907e+04  2.03669e+04
1.222428698e+01  2.1606335e+04  2.16063e+04
1.234652985e+01  2.2907360e+04  2.29074e+04
1.246999515e+01  2.4318957e+04  2.43190e+04
1.259469510e+01  2.5748878e+04  2.57489e+04
1.272064205e+01  2.7251186e+04  2.72512e+04
1.284784847e+01  2.8833010e+04  2.88330e+04
1.297632696e+01  3.0427573e+04  3.04276e+04
1.310609023e+01  3.2062186e+04  3.20622e+04
1.323715113e+01  3.3730195e+04  3.37302e+04
1.336952264e+01  3.5437902e+04  3.54379e+04
1.350321787e+01  3.7183760e+04  3.71838e+04
1.363825005e+01  3.8963229e+04  3.89632e+04
1.377463255e+01  4.0787135e+04  4.07871e+04
1.391237887e+01  4.2652934e+04  4.26529e+04
1.405150266e+01  4.4556302e+04  4.45563e+04
1.419201769e+01  4.6500343e+04  4.65003e+04
1.433393786e+01  4.8499893e+04  4.84999e+04
1.447727724e+01  5.0560881e+04  5.05609e+04
1.462205002e+01  5.2690273e+04  5.26903e+04
1.476827052e+01  5.4888352e+04  5.48884e+04
1.491595322e+01  5.7160498e+04  5.71605e+04
1.506511275e+01  5.9529077e+04  5.95291e+04
1.521576388e+01  6.1991252e+04  6.19913e+04
1.536792152e+01  6.4575740e+04  6.45757e+04
1.552160073e+01  6.7299235e+04  6.72992e+04
1.567681674e+01  7.0148464e+04  7.01485e+04
1.583358491e+01  7.3140660e+04  7.31407e+04
1.599192076e+01  7.6321485e+04  7.63215e+04
1.615183997e+01  7.9671223e+04  7.96712e+04
1.631335837e+01  8.3211037e+04  8.32110e+04
1.647649195e+01  8.6909301e+04  8.69093e+04
1.664125687e+01  9.0850213e+04  9.08502e+04
1.680766944e+01  9.5054456e+04  9.50545e+04
1.697574613e+01  9.9472363e+04  9.94724e+04
1.714550359e+01  1.0410237e+05  1.04102e+05
1.731695863e+01  1.0915337e+05  1.09153e+05
1.749012822e+01  1.1472499e+05  1.14725e+05
1.766502950e+01  1.2060395e+05  1.20604e+05
1.784167979e+01  1.2678149e+05  1.26781e+05
1.802009659e+01  1.3345308e+05  1.33453e+05
1.820029756e+01  1.4046656e+05  1.40467e+05
1.838230053e+01  1.4778145e+05  1.47781e+05
1.856612354e+01  1.5528697e+05  1.55287e+05
1.875178477e+01  1.6284333e+05  1.62843e+05
1.893930262e+01  1.7053830e+05  1.70538e+05
1.912869565e+01  1.7839764e+05  1.78398e+05
1.931998260e+01  1.8616155e+05  1.86162e+05
1.951318243e+01  1.9380640e+05  1.93806e+05
1.970831425e+01  2.0134915e+05  2.01349e+05
1.990539740e+01  2.0875823e+05  2.08758e+05
2.010445137e+01  2.1611597e+05  2.16116e+05
2.030549588e+01  2.2340456e+05  2.23405e+05
2.050855084e+01  2.3053566e+05  2.30536e+05
2.071363635e+01  2.3749554e+05  2.37496e+05
2.092077271e+01  2.4449793e+05  2.44498e+05
2.112998044e+01  2.5155305e+05  2.51553e+05
2.134128025e+01  2.5853971e+05  2.58540e+05
2.155469305e+01  2.6530960e+05  2.65310e+05
2.177023998e+01  2.7205444e+05  2.72054e+05
2.198794238e+01  2.7867225e+05  2.78672e+05
2.220782180e+01  2.8526465e+05  2.85265e+05
2.242990002e+01  2.9181267e+05  2.91813e+05
2.265419902e+01  2.9834944e+05  2.98349e+05
2.288074101e+01  3.0479803e+05  3.04798e+05
2.310954842e+01  3.1117306e+05  3.11173e+05
2.334064391e+01  3.1752262e+05  3.17523e+05
2.357405034e+01  3.2380031e+05  3.23800e+05
2.380979085e+01  3.2999328e+05  3.29993e+05
2.404788876e+01  3.3615558e+05  3.36156e+05
2.428836764e+01  3.4225981e+05  3.42260e+05
2.453125132e+01  3.4830704e+05  3.48307e+05
2.477656383e+01  3.5432112e+05  3.54321e+05
2.502432947e+01  3.6030500e+05  3.60305e+05
2.527457277e+01  3.6642208e+05  3.66422e+05
2.552731849e+01  3.7251389e+05  3.72514e+05
2.578259168e+01  3.7874730e+05  3.78747e+05
2.604041760e+01  3.8507883e+05  3.85079e+05
2.630082177e+01  3.9130897e+05  3.91309e+05
2.656382999e+01  3.9775247e+05  3.97752e+05
2.682946829e+01  4.0426426e+05  4.04264e+05
2.709776297e+01  4.1089069e+05  4.10891e+05
2.736874060e+01  4.1759580e+05  4.17596e+05
2.764242801e+01  4.2495140e+05  4.24951e+05
2.791885229e+01  4.3212022e+05  4.32120e+05
2.819804081e+01  4.4226258e+05  4.42263e+05
2.848002122e+01  4.4630056e+05  4.46301e+05
2.876482143e+01  4.5615173e+05  4.56152e+05
2.905246965e+01  4.6413745e+05  4.64137e+05
2.934299434e+01  4.7210145e+05  4.72101e+05
2.963642429e+01  4.8020046e+05  4.80200e+05
2.993278853e+01  4.8845111e+05  4.88451e+05
3.023211641e+01  4.9683096e+05  4.96831e+05
3.053443758e+01  5.0567924e+05  5.05679e+05
3.083978195e+01  5.1452195e+05  5.14522e+05
3.114817977e+01  5.2296729e+05  5.22967e+05
3.145966157e+01  5.3086180e+05  5.30862e+05
3.177425819e+01  5.3851738e+05  5.38517e+05
3.209200077e+01  5.4590760e+05  5.45908e+05
3.241292078e+01  5.5304656e+05  5.53047e+05
3.273704998e+01  5.6014695e+05  5.60147e+05
3.306442048e+01  5.6696097e+05  5.66961e+05
3.339506469e+01  5.7334703e+05  5.73347e+05
3.372901534e+01  5.7914112e+05  5.79141e+05
3.406630549e+01  5.8465192e+05  5.84652e+05
3.440696854e+01  5.8996040e+05  5.89960e+05
3.475103823e+01  5.9484085e+05  5.94841e+05
3.509854861e+01  5.9936762e+05  5.99368e+05
3.544953410e+01  6.0366612e+05  6.03666e+05
3.580402944e+01  6.0767883e+05  6.07679e+05
3.616206973e+01  6.1135534e+05  6.11355e+05
3.652369043e+01  6.1477851e+05  6.14779e+05
3.688892733e+01  6.1790151e+05  6.17902e+05
3.725781661e+01  6.2068722e+05  6.20687e+05
3.763039477e+01  6.2315413e+05  6.23154e+05
3.800669872e+01  6.2549290e+05  6.25493e+05
3.838676571e+01  6.2758117e+05  6.27581e+05
3.877063337e+01  6.2950549e+05  6.29505e+05
3.915833970e+01  6.3120305e+05  6.31203e+05
3.954992310e+01  6.3268993e+05  6.32690e+05
3.994542233e+01  6.3403075e+05  6.34031e+05
4.034487655e+01  6.3510273e+05  6.35103e+05
4.074832532e+01  6.3596608e+05  6.35966e+05
4.115580857e+01  6.3662327e+05  6.36623e+05
4.156736666e+01  6.3678510e+05  6.36785e+05
4.198304032e+01  6.3673591e+05  6.36736e+05
4.240287073e+01  6.3650569e+05  6.36506e+05
4.282689943e+01  6.3603874e+05  6.36039e+05
4.325516843e+01  6.3497318e+05  6.34973e+05
4.368772011e+01  6.3357904e+05  6.33579e+05
4.412459731e+01  6.3152268e+05  6.31523e+05
4.456584329e+01  6.2937719e+05  6.29377e+05
4.501150172e+01  6.2650162e+05  6.26502e+05
4.546161674e+01  6.2351447e+05  6.23514e+05
4.591623290e+01  6.2031848e+05  6.20318e+05
4.637539523e+01  6.1718869e+05  6.17189e+05
4.683914918e+01  6.1430714e+05  6.14307e+05
4.730754068e+01  6.1175577e+05  6.11756e+05
4.778061608e+01  6.0957573e+05  6.09576e+05
4.825842224e+01  6.0752098e+05  6.07521e+05
4.874100647e+01  6.0551085e+05  6.05511e+05
4.922841653e+01  6.0352891e+05  6.03529e+05
4.972070070e+01  6.0143558e+05  6.01436e+05
5.021790770e+01  5.9923397e+05  5.99234e+05
5.072008678e+01  5.9693711e+05  5.96937e+05
5.122728765e+01  5.9452093e+05  5.94521e+05
5.173956052e+01  5.9199532e+05  5.91995e+05
5.225695613e+01  5.8936276e+05  5.89363e+05
5.277952569e+01  5.8661905e+05  5.86619e+05
5.330732095e+01  5.8374197e+05  5.83742e+05
5.384039416e+01  5.8065193e+05  5.80652e+05
5.437879810e+01  5.7733172e+05  5.77332e+05
5.492258608e+01  5.7372807e+05  5.73728e+05
5.547181194e+01  5.6995082e+05  5.69951e+05
5.602653006e+01  5.6634483e+05  5.66345e+05
5.658679536e+01  5.6215976e+05  5.62160e+05
5.715266331e+01  5.5833882e+05  5.58339e+05
5.772418995e+01  5.5491505e+05  5.54915e+05
5.830143185e+01  5.5177228e+05  5.51772e+05
5.888444617e+01  5.4959049e+05  5.49590e+05
5.947329063e+01  5.4779076e+05  5.47791e+05
6.006802353e+01  5.4620741e+05  5.46207e+05
6.066870377e+01  5.4347712e+05  5.43477e+05
6.127539081e+01  5.4032251e+05  5.40323e+05
6.188814471e+01  5.3679655e+05  5.36797e+05
6.250702616e+01  5.3308881e+05  5.33089e+05
6.313209642e+01  5.2897645e+05  5.28976e+05
6.376341739e+01  5.2482274e+05  5.24823e+05
6.440105156e+01  5.2046585e+05  5.20466e+05
6.504506208e+01  5.1595489e+05  5.15955e+05
6.569551270e+01  5.1139327e+05  5.11393e+05
6.635246782e+01  5.0675524e+05  5.06755e+05
6.701599250e+01  5.0206119e+05  5.02061e+05
6.768615243e+01  4.9732399e+05  4.97324e+05
6.836301395e+01  4.9255891e+05  4.92559e+05
6.904664409e+01  4.8780569e+05  4.87806e+05
6.973711053e+01  4.8292665e+05  4.82927e+05
7.043448164e+01  4.7807876e+05  4.78079e+05
7.113882645e+01  4.7326968e+05  4.73270e+05
7.185021472e+01  4.6844739e+05  4.68447e+05
7.256871687e+01  4.6360451e+05  4.63605e+05
7.329440403e+01  4.5878080e+05  4.58781e+05
7.402734807e+01  4.5424053e+05  4.54241e+05
7.476762156e+01  4.4916853e+05  4.49169e+05
7.551529777e+01  4.4442952e+05  4.44430e+05
7.627045075e+01  4.3971820e+05  4.39718e+05
7.703315526e+01  4.3517173e+05  4.35172e+05
7.780348681e+01  4.3062445e+05  4.30624e+05
7.858152168e+01  4.2607336e+05  4.26073e+05
7.936733689e+01  4.2152121e+05  4.21521e+05
8.016101026e+01  4.1735761e+05  4.17358e+05
8.096262037e+01  4.1247735e+05  4.12477e+05
8.177224657e+01  4.0798347e+05  4.07983e+05
8.258996903e+01  4.0349565e+05  4.03496e+05
8.341586873e+01  3.9901955e+05  3.99020e+05
8.425002741e+01  3.9455892e+05  3.94559e+05
8.509252769e+01  3.9011060e+05  3.90111e+05
8.594345296e+01  3.8565502e+05  3.85655e+05
8.680288749e+01  3.8141441e+05  3.81414e+05
8.767091637e+01  3.7690384e+05  3.76904e+05
8.854762553e+01  3.7233971e+05  3.72340e+05
8.943310179e+01  3.6793746e+05  3.67937e+05
9.032743280e+01  3.6356024e+05  3.63560e+05
9.123070713e+01  3.5917689e+05  3.59177e+05
9.214301420e+01  3.5478118e+05  3.54781e+05
9.306444435e+01  3.5041995e+05  3.50420e+05
9.399508879e+01  3.4609444e+05  3.46094e+05
9.493503968e+01  3.4181063e+05  3.41811e+05
9.588439007e+01  3.3871484e+05  3.38715e+05
9.684323397e+01  3.3324178e+05  3.33242e+05
9.781166631e+01  3.2900681e+05  3.29007e+05
9.878978298e+01  3.2481688e+05  3.24817e+05
9.977768081e+01  3.2067241e+05  3.20672e+05
1.007754576e+02  3.1656107e+05  3.16561e+05
1.017832122e+02  3.1249186e+05  3.12492e+05
1.028010443e+02  3.0844221e+05  3.08442e+05
1.038290548e+02  3.0443882e+05  3.04439e+05
1.048673453e+02  3.0047722e+05  3.00477e+05
1.059160188e+02  2.9747839e+05  2.97478e+05
1.069751789e+02  2.9284267e+05  2.92843e+05
1.080449307e+02  2.8882730e+05  2.88827e+05
1.091253800e+02  2.8502965e+05  2.85030e+05
1.102166338e+02  2.8128537e+05  2.81285e+05
1.113188002e+02  2.7770785e+05  2.77708e+05
1.124319882e+02  2.7451769e+05  2.74518e+05
1.135563081e+02  2.7032929e+05  2.70329e+05
1.146918711e+02  2.6676830e+05  2.66768e+05
1.158387899e+02  2.6327163e+05  2.63272e+05
1.169971778e+02  2.5983606e+05  2.59836e+05
1.181671495e+02  2.5646943e+05  2.56469e+05
1.193488210e+02  2.5534103e+05  2.55341e+05
1.205423092e+02  2.4986535e+05  2.49865e+05
1.217477323e+02  2.4646681e+05  2.46467e+05
1.229652097e+02  2.4312934e+05  2.43129e+05
1.241948618e+02  2.3983708e+05  2.39837e+05
1.254368104e+02  2.3658152e+05  2.36582e+05
1.266911785e+02  2.3336228e+05  2.33362e+05
1.279580903e+02  2.3017909e+05  2.30179e+05
1.292376712e+02  2.2703770e+05  2.27038e+05
1.305300479e+02  2.2392742e+05  2.23927e+05
1.318353483e+02  2.2086347e+05  2.20863e+05
1.331537018e+02  2.1783996e+05  2.17840e+05
1.344852389e+02  2.1485777e+05  2.14858e+05
1.358300912e+02  2.1213541e+05  2.12135e+05
1.371883922e+02  2.0942700e+05  2.09427e+05
1.385602761e+02  2.0615102e+05  2.06151e+05
1.399458788e+02  2.0332523e+05  2.03325e+05
1.413453376e+02  2.0054898e+05  2.00549e+05
1.427587910e+02  1.9781766e+05  1.97818e+05
1.441863789e+02  1.9513369e+05  1.95134e+05
1.456282427e+02  1.9249231e+05  1.92492e+05
1.470845251e+02  1.8989733e+05  1.89897e+05
1.485553704e+02  1.8735233e+05  1.87352e+05
1.500409241e+02  1.8486285e+05  1.84863e+05
1.515413333e+02  1.8242722e+05  1.82427e+05
1.530567467e+02  1.8004821e+05  1.80048e+05
1.545873141e+02  1.7772772e+05  1.77728e+05
1.561331873e+02  1.7546653e+05  1.75467e+05
1.576945191e+02  1.7328751e+05  1.73288e+05
1.592714643e+02  1.7164063e+05  1.71641e+05
1.608641790e+02  1.6890521e+05  1.68905e+05
1.624728208e+02  1.6643549e+05  1.66435e+05
1.640975490e+02  1.6401870e+05  1.64019e+05
1.657385245e+02  1.6164185e+05  1.61642e+05
1.673959097e+02  1.5929460e+05  1.59295e+05
1.690698688e+02  1.5698088e+05  1.56981e+05
1.707605675e+02  1.5470455e+05  1.54705e+05
1.724681732e+02  1.5245925e+05  1.52459e+05
1.741928549e+02  1.5024939e+05  1.50249e+05
1.759347834e+02  1.4807749e+05  1.48077e+05
1.776941313e+02  1.4594030e+05  1.45940e+05
1.794710726e+02  1.4383431e+05  1.43834e+05
1.812657833e+02  1.4176305e+05  1.41763e+05
1.830784411e+02  1.3973040e+05  1.39730e+05
1.849092256e+02  1.3773628e+05  1.37736e+05
1.867583178e+02  1.3576643e+05  1.35766e+05
1.886259010e+02  1.3384007e+05  1.33840e+05
1.905121600e+02  1.3214327e+05  1.32143e+05
1.924172816e+02  1.3009465e+05  1.30095e+05
1.943414544e+02  1.2827016e+05  1.28270e+05
1.962848690e+02  1.2649154e+05  1.26492e+05
1.982477177e+02  1.2475377e+05  1.24754e+05
2.002301948e+02  1.2305601e+05  1.23056e+05
2.022324968e+02  1.2139994e+05  1.21400e+05
2.042548217e+02  1.1978865e+05  1.19789e+05
2.062973700e+02  1.1822523e+05  1.18225e+05
2.083603437e+02  1.1671505e+05  1.16715e+05
2.104439471e+02  1.1518276e+05  1.15183e+05
2.125483866e+02  1.1339312e+05  1.13393e+05
2.146738704e+02  1.1164055e+05  1.11641e+05
2.168206091e+02  1.0989836e+05  1.09898e+05
2.189888152e+02  1.0819215e+05  1.08192e+05
2.211787034e+02  1.0651372e+05  1.06514e+05
2.233904904e+02  1.0486367e+05  1.04864e+05
2.256243953e+02  1.0323957e+05  1.03240e+05
2.278806393e+02  1.0164046e+05  1.01640e+05
2.301594457e+02  1.0006794e+05  1.00068e+05
2.324610401e+02  9.8523816e+04  9.85238e+04
2.347856505e+02  9.7005310e+04  9.70053e+04
2.371335070e+02  9.5517207e+04  9.55172e+04
2.395048421e+02  9.4053802e+04  9.40538e+04
2.418998905e+02  9.2602323e+04  9.26023e+04
2.443188894e+02  9.1184088e+04  9.11841e+04
2.467620783e+02  8.9792997e+04  8.97930e+04
2.492296991e+02  8.8426544e+04  8.84265e+04
2.517219961e+02  8.7084682e+04  8.70847e+04
2.542392161e+02  8.5768363e+04  8.57684e+04
2.567816082e+02  8.4476019e+04  8.44760e+04
2.593494243e+02  8.3209425e+04  8.32094e+04
2.619429185e+02  8.1966903e+04  8.19669e+04
2.645623477e+02  8.0750534e+04  8.07505e+04
2.672079712e+02  7.9559122e+04  7.95591e+04
2.698800509e+02  7.8393359e+04  7.83934e+04
2.725788514e+02  7.7253366e+04  7.72534e+04
2.753046399e+02  7.6139703e+04  7.61397e+04
2.780576863e+02  7.5052550e+04  7.50525e+04
2.808382632e+02  7.3992660e+04  7.39927e+04
2.836466458e+02  7.2960826e+04  7.29608e+04
2.864831123e+02  7.1958200e+04  7.19582e+04
2.893479434e+02  7.0985865e+04  7.09859e+04
2.922414228e+02  7.0045605e+04  7.00456e+04
2.951638371e+02  6.9139198e+04  6.91392e+04
2.981154754e+02  6.8269007e+04  6.82690e+04
3.010966302e+02  6.7324493e+04  6.73245e+04
3.041075965e+02  6.6205643e+04  6.62056e+04
3.071486725e+02  6.5105785e+04  6.51058e+04
3.102201592e+02  6.4024337e+04  6.40243e+04
3.133223608e+02  6.2961315e+04  6.29613e+04
3.164555844e+02  6.1914861e+04  6.19149e+04
3.196201402e+02  6.0886815e+04  6.08868e+04
3.228163416e+02  5.9873689e+04  5.98737e+04
3.260445051e+02  5.8886935e+04  5.88869e+04
3.293049501e+02  5.7911696e+04  5.79117e+04
3.325979996e+02  5.6953354e+04  5.69534e+04
3.359239796e+02  5.6012084e+04  5.60121e+04
3.392832194e+02  5.5087330e+04  5.50873e+04
3.426760516e+02  5.4178758e+04  5.41788e+04
3.461028121e+02  5.3286053e+04  5.32861e+04
3.495638402e+02  5.2408782e+04  5.24088e+04
3.530594786e+02  5.1547570e+04  5.15476e+04
3.565900734e+02  5.0701309e+04  5.07013e+04
3.601559742e+02  4.9870039e+04  4.98700e+04
3.637575339e+02  4.9053670e+04  4.90537e+04
3.673951092e+02  4.8251984e+04  4.82520e+04
3.710690603e+02  4.7464792e+04  4.74648e+04
3.747797509e+02  4.6691838e+04  4.66918e+04
3.785275484e+02  4.5933046e+04  4.59330e+04
3.823128239e+02  4.5188250e+04  4.51882e+04
3.861359522e+02  4.4457202e+04  4.44572e+04
3.899973117e+02  4.3739648e+04  4.37396e+04
3.938972848e+02  4.3035378e+04  4.30354e+04
3.978362577e+02  4.2343704e+04  4.23437e+04
4.018146202e+02  4.1667660e+04  4.16677e+04
4.058327664e+02  4.1004914e+04  4.10049e+04
4.098910941e+02  4.0354858e+04  4.03549e+04
4.139900050e+02  3.9717684e+04  3.97177e+04
4.181299051e+02  3.9093279e+04  3.90933e+04
4.223112041e+02  3.8481538e+04  3.84815e+04
4.265343162e+02  3.7882027e+04  3.78820e+04
4.307996593e+02  3.7293712e+04  3.72937e+04
4.351076559e+02  3.6723034e+04  3.67230e+04
4.394587325e+02  3.6162312e+04  3.61623e+04
4.438533198e+02  3.5614294e+04  3.56143e+04
4.482918530e+02  3.5079189e+04  3.50792e+04
4.527747715e+02  3.4557090e+04  3.45571e+04
4.573025193e+02  3.4048084e+04  3.40481e+04
4.618755445e+02  3.3552418e+04  3.35524e+04
4.664942999e+02  3.3070435e+04  3.30704e+04
4.711592429e+02  3.2602485e+04  3.26025e+04
4.758708353e+02  3.2148705e+04  3.21487e+04
4.806295437e+02  3.1710341e+04  3.17103e+04
4.854358391e+02  3.1287555e+04  3.12876e+04
4.902901975e+02  3.0881486e+04  3.08815e+04
4.951930995e+02  3.0493245e+04  3.04932e+04
