# ------------------------------------------------------------------------
# Radiance spectrum
# NASA-GSFC Planetary Spectrum Generator (PSG) (Villanueva et al. 2018, 2022)
# Synthesized on Thu May 15 21:50:06 2025
# Doppler velocities [km/s] (vobs,vrot+vorb,vwidth,vrfl,vstr): 0.00000,-0.00000,8.68000,0.00000,0.00000
# ------------------------------------------------------------------------
# Spectra synthesized with the Planetary and Universal Model of Atmospheric Scattering (PUMAS, Villanueva et al. 2018, 2022)
# Single scattering radiative transfer method
# Radiative transfer took 2.603 seconds
# ------------------------------------------------------------------------
# Spectral unit: Wavelength [um]
# Radiance unit: Spectral irradiance [Jy]
# Wave/freq Total Jupiter
1.000000000e-01  9.0904637e-12  9.09046e-12
1.010000000e-01  1.3326891e-11  1.33269e-11
1.020100000e-01  1.9818552e-11  1.98186e-11
1.030301000e-01  3.0036107e-11  3.00361e-11
1.040604010e-01  4.4473732e-11  4.44737e-11
1.051010050e-01  6.7265661e-11  6.72657e-11
1.061520151e-01  1.0496995e-10  1.04970e-10
1.072135352e-01  1.7202086e-10  1.72021e-10
1.082856706e-01  2.8964528e-10  2.89645e-10
1.093685273e-01  4.4437086e-10  4.44371e-10
1.104622125e-01  7.0923959e-10  7.09240e-10
1.115668347e-01  1.1992934e-09  1.19929e-09
1.126825030e-01  2.2414463e-09  2.24145e-09
1.138093280e-01  3.6421150e-09  3.64211e-09
1.149474213e-01  5.5099140e-09  5.50991e-09
1.160968955e-01  8.9940594e-09  8.99406e-09
1.172578645e-01  1.7515129e-08  1.75151e-08
1.184304431e-01  1.8837483e-06  1.88375e-06
1.196147476e-01  2.3277872e-06  2.32779e-06
1.208108950e-01  2.9298978e-06  2.92990e-06
1.220190040e-01  3.6837140e-06  3.68371e-06
1.232391940e-01  4.5362735e-06  4.53627e-06
1.244715860e-01  5.4619034e-06  5.46190e-06
1.257163018e-01  6.6222914e-06  6.62229e-06
1.269734649e-01  8.0467751e-06  8.04678e-06
1.282431995e-01  9.8198159e-06  9.81982e-06
1.295256315e-01  1.2203913e-05  1.22039e-05
1.308208878e-01  1.5044326e-05  1.50443e-05
1.321290967e-01  2.0249816e-05  2.02498e-05
1.334503877e-01  2.7358704e-05  2.73587e-05
1.347848915e-01  3.9958783e-05  3.99588e-05
1.361327404e-01  6.3881446e-05  6.38814e-05
1.374940679e-01  1.0888985e-04  1.08890e-04
1.388690085e-01  2.1553484e-04  2.15535e-04
1.402576986e-01  4.5623688e-04  4.56237e-04
1.416602756e-01  1.0180864e-03  1.01809e-03
1.430768784e-01  2.9988061e-03  2.99881e-03
1.445076471e-01  6.0252149e-03  6.02521e-03
1.459527236e-01  1.1902051e-02  1.19021e-02
1.474122509e-01  7.4826944e-03  7.48269e-03
1.488863734e-01  1.7649604e-02  1.76496e-02
1.503752371e-01  3.7067012e-02  3.70670e-02
1.518789895e-01  2.6250922e-03  2.62509e-03
1.533977794e-01  6.1347441e-01  6.13474e-01
1.549317572e-01  2.6368630e+00  2.63686e+00
1.564810747e-01  6.0841404e+00  6.08414e+00
1.580458855e-01  8.9085386e+00  8.90854e+00
1.596263443e-01  1.0837987e+01  1.08380e+01
1.612226078e-01  1.2528290e+01  1.25283e+01
1.628348338e-01  1.4317776e+01  1.43178e+01
1.644631822e-01  1.6981910e+01  1.69819e+01
1.661078140e-01  2.0251663e+01  2.02517e+01
1.677688921e-01  2.2824541e+01  2.28245e+01
1.694465811e-01  2.6727845e+01  2.67278e+01
1.711410469e-01  2.9714357e+01  2.97144e+01
1.728524573e-01  3.6513918e+01  3.65139e+01
1.745809819e-01  4.5019213e+01  4.50192e+01
1.763267917e-01  5.3333628e+01  5.33336e+01
1.780900597e-01  6.1991002e+01  6.19910e+01
1.798709603e-01  7.7251380e+01  7.72514e+01
1.816696699e-01  9.6038917e+01  9.60389e+01
1.834863666e-01  1.1561457e+02  1.15615e+02
1.853212302e-01  1.3848876e+02  1.38489e+02
1.871744425e-01  1.6087955e+02  1.60880e+02
1.890461869e-01  1.8907774e+02  1.89078e+02
1.909366488e-01  2.2114799e+02  2.21148e+02
1.928460153e-01  2.5685078e+02  2.56851e+02
1.947744755e-01  2.9672821e+02  2.96728e+02
1.967222202e-01  3.4303456e+02  3.43035e+02
1.986894424e-01  3.9626789e+02  3.96268e+02
2.006763368e-01  4.5511457e+02  4.55115e+02
2.026831002e-01  5.2302709e+02  5.23027e+02
2.047099312e-01  5.9965472e+02  5.99655e+02
2.067570305e-01  6.8778370e+02  6.87784e+02
2.088246008e-01  7.8410837e+02  7.84108e+02
2.109128468e-01  8.9437387e+02  8.94374e+02
2.130219753e-01  1.0207837e+03  1.02078e+03
2.151521951e-01  1.1589159e+03  1.15892e+03
2.173037170e-01  1.3145159e+03  1.31452e+03
2.194767542e-01  1.4922574e+03  1.49226e+03
2.216715217e-01  1.6890335e+03  1.68903e+03
2.238882369e-01  1.9109478e+03  1.91095e+03
2.261271193e-01  2.1580875e+03  2.15809e+03
2.283883905e-01  2.4312169e+03  2.43122e+03
2.306722744e-01  2.7335334e+03  2.73353e+03
2.329789971e-01  3.0686667e+03  3.06867e+03
2.353087871e-01  3.4404758e+03  3.44048e+03
2.376618750e-01  3.8520164e+03  3.85202e+03
2.400384937e-01  4.3074232e+03  4.30742e+03
2.424388787e-01  4.8107842e+03  4.81078e+03
2.448632675e-01  5.3664823e+03  5.36648e+03
2.473119001e-01  5.9792400e+03  5.97924e+03
2.497850191e-01  6.6541290e+03  6.65413e+03
2.522828693e-01  7.3965882e+03  7.39659e+03
2.548056980e-01  8.2124366e+03  8.21244e+03
2.573537550e-01  9.1078954e+03  9.10790e+03
2.599272926e-01  1.0089597e+04  1.00896e+04
2.625265655e-01  1.1164672e+04  1.11647e+04
2.651518311e-01  1.2340589e+04  1.23406e+04
2.678033494e-01  1.3625321e+04  1.36253e+04
2.704813829e-01  1.5027309e+04  1.50273e+04
2.731861968e-01  1.6555475e+04  1.65555e+04
2.759180587e-01  1.8219232e+04  1.82192e+04
2.786772393e-01  2.0028489e+04  2.00285e+04
2.814640117e-01  2.1993521e+04  2.19935e+04
2.842786518e-01  2.4125199e+04  2.41252e+04
2.871214384e-01  2.6435037e+04  2.64350e+04
2.899926527e-01  2.8934949e+04  2.89349e+04
2.928925793e-01  3.1637351e+04  3.16374e+04
2.958215051e-01  3.4555155e+04  3.45552e+04
2.987797201e-01  3.7701759e+04  3.77018e+04
3.017675173e-01  4.1090844e+04  4.10908e+04
3.047851925e-01  4.4736733e+04  4.47367e+04
3.078330444e-01  4.8654306e+04  4.86543e+04
3.109113749e-01  5.2858751e+04  5.28588e+04
3.140204886e-01  5.7365663e+04  5.73657e+04
3.171606935e-01  6.2191006e+04  6.21910e+04
3.203323004e-01  6.7350584e+04  6.73506e+04
3.235356234e-01  7.2856513e+04  7.28565e+04
3.267709797e-01  7.8729323e+04  7.87293e+04
3.300386895e-01  8.4985965e+04  8.49860e+04
3.333390764e-01  9.1643580e+04  9.16436e+04
3.366724671e-01  9.8719452e+04  9.87195e+04
3.400391918e-01  1.0623099e+05  1.06231e+05
3.434395837e-01  1.1419564e+05  1.14196e+05
3.468739795e-01  1.2263087e+05  1.22631e+05
3.503427193e-01  1.3155412e+05  1.31554e+05
3.538461465e-01  1.4098274e+05  1.40983e+05
3.573846080e-01  1.5093392e+05  1.50934e+05
3.609584541e-01  1.6142469e+05  1.61425e+05
3.645680386e-01  1.7247183e+05  1.72472e+05
3.682137190e-01  1.8409178e+05  1.84092e+05
3.718958562e-01  1.9630071e+05  1.96301e+05
3.756148148e-01  2.0911428e+05  2.09114e+05
3.793709629e-01  2.2254777e+05  2.22548e+05
3.831646725e-01  2.3661590e+05  2.36616e+05
3.869963193e-01  2.5133279e+05  2.51333e+05
3.908662824e-01  2.6671200e+05  2.66712e+05
3.947749453e-01  2.8276632e+05  2.82766e+05
3.987226947e-01  2.9950790e+05  2.99508e+05
4.027099217e-01  3.1694803e+05  3.16948e+05
4.067370209e-01  3.3508900e+05  3.35089e+05
4.108043911e-01  3.5396426e+05  3.53964e+05
4.149124350e-01  3.7356008e+05  3.73560e+05
4.190615594e-01  3.9388016e+05  3.93880e+05
4.232521750e-01  4.1496194e+05  4.14962e+05
4.274846967e-01  4.3678097e+05  4.36781e+05
4.317595437e-01  4.5934523e+05  4.59345e+05
4.360771391e-01  4.8270684e+05  4.82707e+05
4.404379105e-01  5.0674495e+05  5.06745e+05
4.448422896e-01  5.3181118e+05  5.31811e+05
4.492907125e-01  5.5752956e+05  5.57530e+05
4.537836196e-01  5.8397543e+05  5.83975e+05
4.583214558e-01  6.1110757e+05  6.11108e+05
4.629046704e-01  6.3921393e+05  6.39214e+05
4.675337171e-01  6.6798032e+05  6.67980e+05
4.722090543e-01  6.9750078e+05  6.97501e+05
4.769311448e-01  7.2767871e+05  7.27679e+05
4.817004562e-01  7.5824060e+05  7.58241e+05
4.865174608e-01  7.8909254e+05  7.89093e+05
4.913826354e-01  8.2290261e+05  8.22903e+05
4.962964618e-01  8.5607136e+05  8.56071e+05
5.012594264e-01  8.8980333e+05  8.89803e+05
5.062720206e-01  9.2393954e+05  9.23940e+05
5.113347409e-01  9.5880338e+05  9.58803e+05
5.164480883e-01  9.9510948e+05  9.95109e+05
5.216125691e-01  1.0314557e+06  1.03146e+06
5.268286948e-01  1.0687081e+06  1.06871e+06
5.320969818e-01  1.1059744e+06  1.10597e+06
5.374179516e-01  1.1412770e+06  1.14128e+06
5.427921311e-01  1.1723773e+06  1.17238e+06
5.482200524e-01  1.2215985e+06  1.22160e+06
5.537022530e-01  1.2623791e+06  1.26238e+06
5.592392755e-01  1.3024330e+06  1.30243e+06
5.648316682e-01  1.3427751e+06  1.34278e+06
5.704799849e-01  1.3823204e+06  1.38232e+06
5.761847848e-01  1.4212826e+06  1.42128e+06
5.819466326e-01  1.4666018e+06  1.46660e+06
5.877660989e-01  1.5096491e+06  1.50965e+06
5.936437599e-01  1.5500249e+06  1.55002e+06
5.995801975e-01  1.5919683e+06  1.59197e+06
6.055759995e-01  1.6358298e+06  1.63583e+06
6.116317595e-01  1.6671490e+06  1.66715e+06
6.177480771e-01  1.6559151e+06  1.65592e+06
6.239255579e-01  1.7324194e+06  1.73242e+06
6.301648135e-01  1.8094775e+06  1.80948e+06
6.364664616e-01  1.8534372e+06  1.85344e+06
6.428311262e-01  1.8945913e+06  1.89459e+06
6.492594375e-01  1.9366247e+06  1.93662e+06
6.557520318e-01  1.9739670e+06  1.97397e+06
6.623095522e-01  2.0046928e+06  2.00469e+06
6.689326477e-01  2.0494348e+06  2.04943e+06
6.756219742e-01  2.1126274e+06  2.11263e+06
6.823781939e-01  2.1513871e+06  2.15139e+06
6.892019758e-01  2.1973049e+06  2.19730e+06
6.960939956e-01  2.2310995e+06  2.23110e+06
7.030549355e-01  2.2335755e+06  2.23358e+06
7.100854849e-01  2.3066053e+06  2.30661e+06
7.171863398e-01  2.2716559e+06  2.27166e+06
7.243582032e-01  1.9515236e+06  1.95152e+06
7.316017852e-01  2.0734374e+06  2.07344e+06
7.389178030e-01  2.4405685e+06  2.44057e+06
7.463069811e-01  2.5326309e+06  2.53263e+06
7.537700509e-01  2.5731469e+06  2.57315e+06
7.613077514e-01  2.5943626e+06  2.59436e+06
7.689208289e-01  2.6208541e+06  2.62085e+06
7.766100372e-01  2.6189644e+06  2.61896e+06
7.843761376e-01  2.5689137e+06  2.56891e+06
7.922198989e-01  2.6034157e+06  2.60342e+06
8.001420979e-01  2.6117843e+06  2.61178e+06
8.081435189e-01  2.7483977e+06  2.74840e+06
8.162249541e-01  2.8453630e+06  2.84536e+06
8.243872036e-01  2.9012113e+06  2.90121e+06
8.326310757e-01  2.9420576e+06  2.94206e+06
8.409573864e-01  2.9748313e+06  2.97483e+06
8.493669603e-01  3.0061739e+06  3.00617e+06
8.578606299e-01  3.0382328e+06  3.03823e+06
8.664392362e-01  3.0318175e+06  3.03182e+06
8.751036286e-01  2.7633025e+06  2.76330e+06
8.838546648e-01  8.8200512e+05  8.82005e+05
8.926932115e-01  1.0346441e+06  1.03464e+06
9.016201436e-01  2.0347515e+06  2.03475e+06
9.106363450e-01  2.9669385e+06  2.96694e+06
9.197427085e-01  3.2271726e+06  3.22717e+06
9.289401356e-01  3.2578076e+06  3.25781e+06
9.382295369e-01  3.2812229e+06  3.28122e+06
9.476118323e-01  3.3036675e+06  3.30367e+06
9.570879506e-01  3.3043958e+06  3.30440e+06
9.666588301e-01  3.1180270e+06  3.11803e+06
9.763254184e-01  2.9744235e+06  2.97442e+06
9.860886726e-01  2.7770670e+06  2.77707e+06
9.959495593e-01  2.7295757e+06  2.72958e+06
1.005909055e+00  2.8131544e+06  2.81315e+06
1.015968145e+00  2.9391217e+06  2.93912e+06
1.026127827e+00  3.2028203e+06  3.20282e+06
1.036389105e+00  3.3927543e+06  3.39275e+06
1.046752996e+00  3.4548579e+06  3.45486e+06
1.057220526e+00  3.4736649e+06  3.47366e+06
1.067792731e+00  3.4769197e+06  3.47692e+06
1.078470659e+00  3.4707900e+06  3.47079e+06
1.089255365e+00  3.3486012e+06  3.34860e+06
1.100147919e+00  3.1228656e+06  3.12287e+06
1.111149398e+00  2.2843532e+06  2.28435e+06
1.122260892e+00  1.0778037e+06  1.07780e+06
1.133483501e+00  5.7319199e+05  5.73192e+05
1.144818336e+00  7.0884137e+05  7.08841e+05
1.156266520e+00  2.4502264e+05  2.45023e+05
1.167829185e+00  2.8905097e+05  2.89051e+05
1.179507477e+00  8.1433899e+05  8.14339e+05
1.191302551e+00  1.5457776e+06  1.54578e+06
1.203215577e+00  2.4670357e+06  2.46704e+06
1.215247733e+00  3.0604540e+06  3.06045e+06
1.227400210e+00  3.1181384e+06  3.11814e+06
1.239674212e+00  3.2242134e+06  3.22421e+06
1.252070954e+00  3.4183913e+06  3.41839e+06
1.264591664e+00  3.4673264e+06  3.46733e+06
1.277237580e+00  3.5076826e+06  3.50768e+06
1.290009956e+00  3.4998466e+06  3.49985e+06
1.302910056e+00  3.2551926e+06  3.25519e+06
1.315939156e+00  1.8767152e+06  1.87672e+06
1.329098548e+00  1.3721249e+06  1.37212e+06
1.342389533e+00  4.7954501e+05  4.79545e+05
1.355813429e+00  1.5625217e+05  1.56252e+05
1.369371563e+00  2.3141357e+05  2.31414e+05
1.383065279e+00  1.0943661e+05  1.09437e+05
1.396895931e+00  1.2995263e+05  1.29953e+05
1.410864891e+00  2.1151120e+05  2.11511e+05
1.424973540e+00  7.6691203e+05  7.66912e+05
1.439223275e+00  1.6185761e+06  1.61858e+06
1.453615508e+00  1.7576986e+06  1.75770e+06
1.468151663e+00  2.0524596e+06  2.05246e+06
1.482833179e+00  2.4419147e+06  2.44191e+06
1.497661511e+00  2.9151295e+06  2.91513e+06
1.512638126e+00  2.9425905e+06  2.94259e+06
1.527764508e+00  3.0749437e+06  3.07494e+06
1.543042153e+00  3.1436045e+06  3.14360e+06
1.558472574e+00  3.1779297e+06  3.17793e+06
1.574057300e+00  3.2287218e+06  3.22872e+06
1.589797873e+00  3.2311433e+06  3.23114e+06
1.605695852e+00  3.1529120e+06  3.15291e+06
1.621752810e+00  1.7960593e+06  1.79606e+06
1.637970338e+00  5.5126663e+05  5.51267e+05
1.654350042e+00  2.7903675e+05  2.79037e+05
1.670893542e+00  3.8555751e+05  3.85558e+05
1.687602477e+00  3.0426016e+05  3.04260e+05
1.704478502e+00  3.7699641e+04  3.76996e+04
1.721523287e+00  3.1286949e+04  3.12869e+04
1.738738520e+00  3.5846635e+05  3.58466e+05
1.756125905e+00  4.3207241e+05  4.32072e+05
1.773687164e+00  7.6474404e+04  7.64744e+04
1.791424036e+00  1.9315295e+05  1.93153e+05
1.809338276e+00  6.3414020e+05  6.34140e+05
1.827431659e+00  1.0120524e+06  1.01205e+06
1.845705976e+00  7.2976846e+05  7.29768e+05
1.864163036e+00  1.5146278e+06  1.51463e+06
1.882804666e+00  1.8882364e+06  1.88824e+06
1.901632713e+00  1.5578301e+06  1.55783e+06
1.920649040e+00  1.1288224e+06  1.12882e+06
1.939855530e+00  1.1217424e+06  1.12174e+06
1.959254085e+00  1.0721286e+06  1.07213e+06
1.978846626e+00  8.0490319e+05  8.04903e+05
1.998635092e+00  5.0798560e+05  5.07986e+05
2.018621443e+00  4.1027303e+05  4.10273e+05
2.038807658e+00  3.0815636e+05  3.08156e+05
2.059195734e+00  1.7181183e+05  1.71812e+05
2.079787692e+00  6.9096980e+04  6.90970e+04
2.100585569e+00  2.6868807e+04  2.68688e+04
2.121591424e+00  2.5421209e+04  2.54212e+04
2.142807339e+00  4.8916593e+04  4.89166e+04
2.164235412e+00  2.5407226e+04  2.54072e+04
2.185877766e+00  2.5368973e+04  2.53690e+04
2.207736544e+00  8.9713557e+03  8.97136e+03
2.229813909e+00  1.4571042e+03  1.45710e+03
2.252112048e+00  7.4890421e+02  7.48904e+02
2.274633169e+00  1.6417666e+02  1.64177e+02
2.297379500e+00  3.9875688e+01  3.98757e+01
2.320353295e+00  5.9653066e+01  5.96531e+01
2.343556828e+00  3.9337730e+01  3.93377e+01
2.366992397e+00  4.3253679e+01  4.32537e+01
2.390662321e+00  1.1141289e+02  1.11413e+02
2.414568944e+00  3.2937325e+02  3.29373e+02
2.438714633e+00  1.6231520e+03  1.62315e+03
2.463101780e+00  3.0878516e+04  3.08785e+04
2.487732797e+00  1.2387458e+05  1.23875e+05
2.512610125e+00  2.0253797e+05  2.02538e+05
2.537736227e+00  2.9131652e+05  2.91317e+05
2.563113589e+00  6.7088663e+04  6.70887e+04
2.588744725e+00  9.2616815e+04  9.26168e+04
2.614632172e+00  4.4811226e+05  4.48112e+05
2.640778494e+00  1.1904266e+06  1.19043e+06
2.667186279e+00  1.4221346e+06  1.42213e+06
2.693858142e+00  1.5288371e+06  1.52884e+06
2.720796723e+00  1.5740025e+06  1.57400e+06
2.748004690e+00  1.5916037e+06  1.59160e+06
2.775484737e+00  1.5930016e+06  1.59300e+06
2.803239584e+00  1.3920883e+06  1.39209e+06
2.831271980e+00  1.2224305e+06  1.22243e+06
2.859584700e+00  1.2373577e+06  1.23736e+06
2.888180547e+00  1.1783360e+06  1.17834e+06
2.917062353e+00  1.1207979e+06  1.12080e+06
2.946232976e+00  9.0006733e+05  9.00067e+05
2.975695306e+00  9.2572896e+05  9.25729e+05
3.005452259e+00  8.3887383e+05  8.38874e+05
3.035506781e+00  8.4649673e+05  8.46497e+05
3.065861849e+00  8.4109959e+05  8.41100e+05
3.096520468e+00  8.4110570e+05  8.41106e+05
3.127485672e+00  7.5000892e+05  7.50009e+05
3.158760529e+00  4.5897414e+05  4.58974e+05
3.190348134e+00  3.2464147e+04  3.24641e+04
3.222251616e+00  1.0327353e+02  1.03274e+02
3.254474132e+00  8.2643923e+00  8.26439e+00
3.287018873e+00  8.0088930e+00  8.00889e+00
3.319889062e+00  1.6568355e+01  1.65684e+01
3.353087953e+00  8.6064980e+00  8.60650e+00
3.386618832e+00  1.0706000e+01  1.07060e+01
3.420485021e+00  1.6011088e+02  1.60111e+02
3.454689871e+00  1.2740296e+03  1.27403e+03
3.489236769e+00  3.2869289e+01  3.28693e+01
3.524129137e+00  4.7273199e+03  4.72732e+03
3.559370428e+00  2.2751852e+02  2.27519e+02
3.594964133e+00  2.5549064e+03  2.55491e+03
3.630913774e+00  2.5476790e+04  2.54768e+04
3.667222912e+00  1.6517920e+05  1.65179e+05
3.703895141e+00  1.5309626e+05  1.53096e+05
3.740934092e+00  5.6593559e+04  5.65936e+04
3.778343433e+00  3.5605886e+04  3.56059e+04
3.816126868e+00  7.2242445e+04  7.22424e+04
3.854288136e+00  1.0188036e+05  1.01880e+05
3.892831018e+00  1.1925346e+05  1.19253e+05
3.931759328e+00  2.3268302e+05  2.32683e+05
3.971076921e+00  3.7640556e+05  3.76406e+05
4.010787690e+00  6.6350463e+05  6.63505e+05
4.050895567e+00  7.1998327e+05  7.19983e+05
4.091404523e+00  8.8519476e+05  8.85195e+05
4.132318568e+00  9.2578862e+05  9.25789e+05
4.173641754e+00  9.3906190e+05  9.39062e+05
4.215378171e+00  8.6740133e+05  8.67401e+05
4.257531953e+00  8.7985197e+05  8.79852e+05
4.300107273e+00  8.9542369e+05  8.95424e+05
4.343108345e+00  9.1415142e+05  9.14151e+05
4.386539429e+00  8.1124253e+05  8.11243e+05
4.430404823e+00  7.3992752e+05  7.39928e+05
4.474708871e+00  7.6852011e+05  7.68520e+05
4.519455960e+00  8.2105354e+05  8.21054e+05
4.564650520e+00  7.6740540e+05  7.67405e+05
4.610297025e+00  7.4736290e+05  7.47363e+05
4.656399995e+00  7.7052775e+05  7.70528e+05
4.702963995e+00  7.8271739e+05  7.82717e+05
4.749993635e+00  8.0194119e+05  8.01941e+05
4.797493571e+00  7.8949304e+05  7.89493e+05
4.845468507e+00  7.7119526e+05  7.71195e+05
4.893923192e+00  7.5271855e+05  7.52719e+05
4.942862424e+00  7.3447008e+05  7.34470e+05
4.992291048e+00  7.1645194e+05  7.16452e+05
5.042213959e+00  6.7931897e+05  6.79319e+05
5.092636098e+00  6.3945008e+05  6.39450e+05
5.143562459e+00  6.0040358e+05  6.00404e+05
5.194998084e+00  5.6217937e+05  5.62179e+05
5.246948065e+00  5.2491922e+05  5.24919e+05
5.299417545e+00  5.0093664e+05  5.00937e+05
5.352411721e+00  5.3447921e+05  5.34479e+05
5.405935838e+00  5.6561155e+05  5.65612e+05
5.459995196e+00  5.7635872e+05  5.76359e+05
5.514595148e+00  5.8337665e+05  5.83377e+05
5.569741100e+00  5.7956247e+05  5.79562e+05
5.625438511e+00  5.6176394e+05  5.61764e+05
5.681692896e+00  5.3657958e+05  5.36580e+05
5.738509825e+00  5.0430042e+05  5.04300e+05
5.795894923e+00  4.9314316e+05  4.93143e+05
5.853853872e+00  4.6976010e+05  4.69760e+05
5.912392411e+00  4.5810244e+05  4.58102e+05
5.971516335e+00  4.2750886e+05  4.27509e+05
6.031231499e+00  2.3562845e+05  2.35628e+05
6.091543814e+00  1.6084784e+05  1.60848e+05
6.152459252e+00  1.1578723e+05  1.15787e+05
6.213983844e+00  1.2253640e+05  1.22536e+05
6.276123683e+00  9.9955269e+04  9.99553e+04
6.338884920e+00  1.4530901e+05  1.45309e+05
6.402273769e+00  1.9477564e+05  1.94776e+05
6.466296506e+00  7.1692966e+04  7.16930e+04
6.530959471e+00  1.4262473e+05  1.42625e+05
6.596269066e+00  1.8705236e+05  1.87052e+05
6.662231757e+00  1.2733026e+05  1.27330e+05
6.728854074e+00  7.6231824e+04  7.62318e+04
6.796142615e+00  6.1829702e+04  6.18297e+04
6.864104041e+00  7.3947487e+04  7.39475e+04
6.932745082e+00  1.0248865e+05  1.02489e+05
7.002072533e+00  8.8241369e+04  8.82414e+04
7.072093258e+00  8.3870165e+04  8.38702e+04
7.142814190e+00  8.1187021e+04  8.11870e+04
7.214242332e+00  8.0786975e+04  8.07870e+04
7.286384756e+00  1.6162441e+04  1.61624e+04
7.359248603e+00  4.3924603e+03  4.39246e+03
7.432841089e+00  7.6174359e+03  7.61744e+03
7.507169500e+00  8.4537086e+03  8.45371e+03
7.582241195e+00  4.7452809e+03  4.74528e+03
7.658063607e+00  1.6113736e+04  1.61137e+04
7.734644243e+00  1.0447520e+04  1.04475e+04
7.811990686e+00  9.8526543e+03  9.85265e+03
7.890110592e+00  1.0559552e+04  1.05596e+04
7.969011698e+00  7.1479320e+03  7.14793e+03
8.048701815e+00  7.1118688e+03  7.11187e+03
8.129188834e+00  2.4180116e+04  2.41801e+04
8.210480722e+00  5.4886713e+04  5.48867e+04
8.292585529e+00  5.4069947e+04  5.40699e+04
8.375511384e+00  7.0978826e+04  7.09788e+04
8.459266498e+00  6.6855409e+04  6.68554e+04
8.543859163e+00  6.3089100e+04  6.30891e+04
8.629297755e+00  5.7352482e+04  5.73525e+04
8.715590732e+00  7.8354923e+04  7.83549e+04
8.802746640e+00  1.0234732e+05  1.02347e+05
8.890774106e+00  1.1882826e+05  1.18828e+05
8.979681847e+00  9.4841397e+04  9.48414e+04
9.069478666e+00  6.7136206e+04  6.71362e+04
9.160173452e+00  9.7922020e+04  9.79220e+04
9.251775187e+00  1.0768279e+05  1.07683e+05
9.344292939e+00  1.1603203e+05  1.16032e+05
9.437735868e+00  1.2867973e+05  1.28680e+05
9.532113227e+00  1.0045926e+05  1.00459e+05
9.627434359e+00  9.1576972e+04  9.15770e+04
9.723708703e+00  9.0166919e+04  9.01669e+04
9.820945790e+00  9.4975394e+04  9.49754e+04
9.919155248e+00  9.8449687e+04  9.84497e+04
1.001834680e+01  9.6032789e+04  9.60328e+04
1.011853027e+01  9.4507455e+04  9.45075e+04
1.021971557e+01  9.5001017e+04  9.50010e+04
1.032191273e+01  9.8730290e+04  9.87303e+04
1.042513185e+01  9.4572419e+04  9.45724e+04
1.052938317e+01  9.3422753e+04  9.34228e+04
1.063467700e+01  8.6933405e+04  8.69334e+04
1.074102377e+01  8.7593630e+04  8.75936e+04
1.084843401e+01  8.0646462e+04  8.06465e+04
1.095691835e+01  7.5335946e+04  7.53359e+04
1.106648754e+01  7.0762467e+04  7.07625e+04
1.117715241e+01  7.0605658e+04  7.06057e+04
1.128892393e+01  6.6157886e+04  6.61579e+04
1.140181317e+01  6.2332946e+04  6.23329e+04
1.151583131e+01  6.5755970e+04  6.57560e+04
1.163098962e+01  6.1950521e+04  6.19505e+04
1.174729952e+01  6.8196570e+04  6.81966e+04
1.186477251e+01  6.6977905e+04  6.69779e+04
1.198342024e+01  7.4861418e+04  7.48614e+04
1.210325444e+01  7.3992773e+04  7.39928e+04
1.222428698e+01  7.4861844e+04  7.48618e+04
1.234652985e+01  7.5703051e+04  7.57031e+04
1.246999515e+01  7.2718295e+04  7.27183e+04
1.259469510e+01  7.1409909e+04  7.14099e+04
1.272064205e+01  6.8940077e+04  6.89401e+04
1.284784847e+01  6.7748768e+04  6.77488e+04
1.297632696e+01  6.6547521e+04  6.65475e+04
1.310609023e+01  6.7103088e+04  6.71031e+04
1.323715113e+01  6.9502158e+04  6.95022e+04
1.336952264e+01  7.0683550e+04  7.06836e+04
1.350321787e+01  7.2436468e+04  7.24365e+04
1.363825005e+01  8.2828609e+04  8.28286e+04
1.377463255e+01  7.7722442e+04  7.77224e+04
1.391237887e+01  7.7825918e+04  7.78259e+04
1.405150266e+01  7.9437854e+04  7.94379e+04
1.419201769e+01  8.1427344e+04  8.14273e+04
1.433393786e+01  8.3326806e+04  8.33268e+04
1.447727724e+01  8.5397868e+04  8.53979e+04
1.462205002e+01  8.7172124e+04  8.71721e+04
1.476827052e+01  8.9560038e+04  8.95600e+04
1.491595322e+01  9.2122526e+04  9.21225e+04
1.506511275e+01  9.5244817e+04  9.52448e+04
1.521576388e+01  9.8722773e+04  9.87228e+04
1.536792152e+01  1.0257340e+05  1.02573e+05
1.552160073e+01  1.0676248e+05  1.06762e+05
1.567681674e+01  1.1129156e+05  1.11292e+05
1.583358491e+01  1.1617812e+05  1.16178e+05
1.599192076e+01  1.2136399e+05  1.21364e+05
1.615183997e+01  1.2680659e+05  1.26807e+05
1.631335837e+01  1.3245469e+05  1.32455e+05
1.647649195e+01  1.3827323e+05  1.38273e+05
1.664125687e+01  1.4419390e+05  1.44194e+05
1.680766944e+01  1.5014264e+05  1.50143e+05
1.697574613e+01  1.5649574e+05  1.56496e+05
1.714550359e+01  1.6270052e+05  1.62701e+05
1.731695863e+01  1.6931846e+05  1.69318e+05
1.749012822e+01  1.7650408e+05  1.76504e+05
1.766502950e+01  1.8469857e+05  1.84699e+05
1.784167979e+01  1.9385072e+05  1.93851e+05
1.802009659e+01  2.0412566e+05  2.04126e+05
1.820029756e+01  2.1567511e+05  2.15675e+05
1.838230053e+01  2.2858067e+05  2.28581e+05
1.856612354e+01  2.4221129e+05  2.42211e+05
1.875178477e+01  2.5544355e+05  2.55444e+05
1.893930262e+01  2.6884286e+05  2.68843e+05
1.912869565e+01  2.8192871e+05  2.81929e+05
1.931998260e+01  2.9463081e+05  2.94631e+05
1.951318243e+01  3.0714158e+05  3.07142e+05
1.970831425e+01  3.2141295e+05  3.21413e+05
1.990539740e+01  3.3715954e+05  3.37160e+05
2.010445137e+01  3.5321076e+05  3.53211e+05
2.030549588e+01  3.6941626e+05  3.69416e+05
2.050855084e+01  3.8474441e+05  3.84744e+05
2.071363635e+01  3.9877260e+05  3.98773e+05
2.092077271e+01  4.1203024e+05  4.12030e+05
2.112998044e+01  4.2403824e+05  4.24038e+05
2.134128025e+01  4.3469008e+05  4.34690e+05
2.155469305e+01  4.4231455e+05  4.42315e+05
2.177023998e+01  4.4920470e+05  4.49205e+05
2.198794238e+01  4.5256961e+05  4.52570e+05
2.220782180e+01  4.5580376e+05  4.55804e+05
2.242990002e+01  4.5810797e+05  4.58108e+05
2.265419902e+01  4.6038737e+05  4.60387e+05
2.288074101e+01  4.6364530e+05  4.63645e+05
2.310954842e+01  4.6747376e+05  4.67474e+05
2.334064391e+01  4.7163411e+05  4.71634e+05
2.357405034e+01  4.7623766e+05  4.76238e+05
2.380979085e+01  4.8087564e+05  4.80876e+05
2.404788876e+01  4.8550164e+05  4.85502e+05
2.428836764e+01  4.9023161e+05  4.90232e+05
2.453125132e+01  4.9500326e+05  4.95003e+05
2.477656383e+01  4.9991367e+05  4.99914e+05
2.502432947e+01  5.0498488e+05  5.04985e+05
2.527457277e+01  5.1044102e+05  5.10441e+05
2.552731849e+01  5.1605349e+05  5.16053e+05
2.578259168e+01  5.2172857e+05  5.21729e+05
2.604041760e+01  5.2811869e+05  5.28119e+05
2.630082177e+01  5.3496212e+05  5.34962e+05
2.656382999e+01  5.4259159e+05  5.42592e+05
2.682946829e+01  5.5121905e+05  5.51219e+05
2.709776297e+01  5.6039445e+05  5.60394e+05
2.736874060e+01  5.6955988e+05  5.69560e+05
2.764242801e+01  5.8031252e+05  5.80313e+05
2.791885229e+01  5.9096886e+05  5.90969e+05
2.819804081e+01  6.0720609e+05  6.07206e+05
2.848002122e+01  6.1155705e+05  6.11557e+05
2.876482143e+01  6.2670741e+05  6.26707e+05
2.905246965e+01  6.3842735e+05  6.38427e+05
2.934299434e+01  6.5010431e+05  6.50104e+05
2.963642429e+01  6.6229146e+05  6.62291e+05
2.993278853e+01  6.7486031e+05  6.74860e+05
3.023211641e+01  6.8756164e+05  6.87562e+05
3.053443758e+01  6.9957198e+05  6.99572e+05
3.083978195e+01  7.1035793e+05  7.10358e+05
3.114817977e+01  7.1994631e+05  7.19946e+05
3.145966157e+01  7.2868256e+05  7.28683e+05
3.177425819e+01  7.3651519e+05  7.36515e+05
3.209200077e+01  7.4313297e+05  7.43133e+05
3.241292078e+01  7.5116251e+05  7.51163e+05
3.273704998e+01  7.6151055e+05  7.61511e+05
3.306442048e+01  7.7162413e+05  7.71624e+05
3.339506469e+01  7.8015209e+05  7.80152e+05
3.372901534e+01  7.8151936e+05  7.81519e+05
3.406630549e+01  7.8156009e+05  7.81560e+05
3.440696854e+01  7.8008421e+05  7.80084e+05
3.475103823e+01  7.7101886e+05  7.71019e+05
3.509854861e+01  7.5798970e+05  7.57990e+05
3.544953410e+01  7.4294489e+05  7.42945e+05
3.580402944e+01  7.2748587e+05  7.27486e+05
3.616206973e+01  7.1556802e+05  7.15568e+05
3.652369043e+01  7.0118602e+05  7.01186e+05
3.688892733e+01  6.8559677e+05  6.85597e+05
3.725781661e+01  6.7915060e+05  6.79151e+05
3.763039477e+01  6.8597260e+05  6.85973e+05
3.800669872e+01  6.7971731e+05  6.79717e+05
3.838676571e+01  6.8039929e+05  6.80399e+05
3.877063337e+01  6.9335762e+05  6.93358e+05
3.915833970e+01  6.9125497e+05  6.91255e+05
3.954992310e+01  6.6930801e+05  6.69308e+05
3.994542233e+01  6.4336248e+05  6.43362e+05
4.034487655e+01  6.2653778e+05  6.26538e+05
4.074832532e+01  6.1152280e+05  6.11523e+05
4.115580857e+01  5.9696222e+05  5.96962e+05
4.156736666e+01  5.8231621e+05  5.82316e+05
4.198304032e+01  5.7727058e+05  5.77271e+05
4.240287073e+01  5.7465195e+05  5.74652e+05
4.282689943e+01  5.5589950e+05  5.55900e+05
4.325516843e+01  5.3388751e+05  5.33888e+05
4.368772011e+01  5.2327360e+05  5.23274e+05
4.412459731e+01  5.1475246e+05  5.14752e+05
4.456584329e+01  5.0609230e+05  5.06092e+05
4.501150172e+01  4.9744880e+05  4.97449e+05
4.546161674e+01  4.9014328e+05  4.90143e+05
4.591623290e+01  5.1360215e+05  5.13602e+05
4.637539523e+01  5.2058131e+05  5.20581e+05
4.683914918e+01  4.7982814e+05  4.79828e+05
4.730754068e+01  4.6756764e+05  4.67568e+05
4.778061608e+01  4.6262806e+05  4.62628e+05
4.825842224e+01  4.5903568e+05  4.59036e+05
4.874100647e+01  4.5568587e+05  4.55686e+05
4.922841653e+01  4.5266460e+05  4.52665e+05
4.972070070e+01  4.5124584e+05  4.51246e+05
5.021790770e+01  4.8377022e+05  4.83770e+05
5.072008678e+01  5.0556171e+05  5.05562e+05
5.122728765e+01  4.7652249e+05  4.76522e+05
5.173956052e+01  4.4211320e+05  4.42113e+05
5.225695613e+01  4.3781178e+05  4.37812e+05
5.277952569e+01  4.3958975e+05  4.39590e+05
5.330732095e+01  4.5309468e+05  4.53095e+05
5.384039416e+01  4.6515451e+05  4.65155e+05
5.437879810e+01  4.7651976e+05  4.76520e+05
5.492258608e+01  4.8842149e+05  4.88421e+05
5.547181194e+01  5.1724920e+05  5.17249e+05
5.602653006e+01  5.8360160e+05  5.83602e+05
5.658679536e+01  5.5087113e+05  5.50871e+05
5.715266331e+01  4.7522017e+05  4.75220e+05
5.772418995e+01  4.4476290e+05  4.44763e+05
5.830143185e+01  4.2770687e+05  4.27707e+05
5.888444617e+01  4.1473261e+05  4.14733e+05
5.947329063e+01  4.1300526e+05  4.13005e+05
6.006802353e+01  4.1223038e+05  4.12230e+05
6.066870377e+01  4.1365397e+05  4.13654e+05
6.127539081e+01  4.2031772e+05  4.20318e+05
6.188814471e+01  4.3809463e+05  4.38095e+05
6.250702616e+01  4.9284006e+05  4.92840e+05
6.313209642e+01  5.2392042e+05  5.23920e+05
6.376341739e+01  5.1764166e+05  5.17642e+05
6.440105156e+01  4.6870634e+05  4.68706e+05
6.504506208e+01  4.4679922e+05  4.46799e+05
6.569551270e+01  4.4106176e+05  4.41062e+05
6.635246782e+01  4.4252511e+05  4.42525e+05
6.701599250e+01  4.7833521e+05  4.78335e+05
6.768615243e+01  5.3573693e+05  5.35737e+05
6.836301395e+01  5.8367097e+05  5.83671e+05
6.904664409e+01  6.0021319e+05  6.00213e+05
6.973711053e+01  6.1856022e+05  6.18560e+05
7.043448164e+01  6.2109280e+05  6.21093e+05
7.113882645e+01  6.2865329e+05  6.28653e+05
7.185021472e+01  6.1939008e+05  6.19390e+05
7.256871687e+01  5.8908464e+05  5.89085e+05
7.329440403e+01  5.4379380e+05  5.43794e+05
7.402734807e+01  4.9802212e+05  4.98022e+05
7.476762156e+01  4.5686366e+05  4.56864e+05
7.551529777e+01  4.1924726e+05  4.19247e+05
7.627045075e+01  3.8058444e+05  3.80584e+05
7.703315526e+01  3.4780104e+05  3.47801e+05
7.780348681e+01  3.4616218e+05  3.46162e+05
7.858152168e+01  3.4688463e+05  3.46885e+05
7.936733689e+01  3.4881456e+05  3.48815e+05
8.016101026e+01  3.5754300e+05  3.57543e+05
8.096262037e+01  3.6509159e+05  3.65092e+05
8.177224657e+01  3.8245821e+05  3.82458e+05
8.258996903e+01  4.0634623e+05  4.06346e+05
8.341586873e+01  4.2694122e+05  4.26941e+05
8.425002741e+01  4.2740824e+05  4.27408e+05
8.509252769e+01  4.2346981e+05  4.23470e+05
8.594345296e+01  4.0356665e+05  4.03567e+05
8.680288749e+01  3.8470824e+05  3.84708e+05
8.767091637e+01  3.6664259e+05  3.66643e+05
8.854762553e+01  3.5712192e+05  3.57122e+05
8.943310179e+01  3.4465478e+05  3.44655e+05
9.032743280e+01  3.4140836e+05  3.41408e+05
9.123070713e+01  3.4094284e+05  3.40943e+05
9.214301420e+01  3.4234925e+05  3.42349e+05
9.306444435e+01  3.4794683e+05  3.47947e+05
9.399508879e+01  3.5725785e+05  3.57258e+05
9.493503968e+01  3.7172986e+05  3.71730e+05
9.588439007e+01  3.9407665e+05  3.94077e+05
9.684323397e+01  4.0562729e+05  4.05627e+05
9.781166631e+01  4.2247900e+05  4.22479e+05
9.878978298e+01  4.3662758e+05  4.36628e+05
9.977768081e+01  4.4478451e+05  4.44785e+05
1.007754576e+02  4.4294413e+05  4.42944e+05
1.017832122e+02  4.4187740e+05  4.41877e+05
1.028010443e+02  4.3458045e+05  4.34580e+05
1.038290548e+02  4.2372494e+05  4.23725e+05
1.048673453e+02  4.1178338e+05  4.11783e+05
1.059160188e+02  4.0181776e+05  4.01818e+05
1.069751789e+02  3.9003941e+05  3.90039e+05
1.080449307e+02  3.8106110e+05  3.81061e+05
1.091253800e+02  3.7456781e+05  3.74568e+05
1.102166338e+02  3.7143082e+05  3.71431e+05
1.113188002e+02  3.7095015e+05  3.70950e+05
1.124319882e+02  3.7267869e+05  3.72679e+05
1.135563081e+02  3.7653557e+05  3.76536e+05
1.146918711e+02  3.8349288e+05  3.83493e+05
1.158387899e+02  3.8708421e+05  3.87084e+05
1.169971778e+02  3.8660296e+05  3.86603e+05
1.181671495e+02  3.8675190e+05  3.86752e+05
1.193488210e+02  3.8360556e+05  3.83606e+05
1.205423092e+02  3.8574567e+05  3.85746e+05
1.217477323e+02  3.8284849e+05  3.82848e+05
1.229652097e+02  3.7927529e+05  3.79275e+05
1.241948618e+02  3.7446389e+05  3.74464e+05
1.254368104e+02  3.6710818e+05  3.67108e+05
1.266911785e+02  3.5770377e+05  3.57704e+05
1.279580903e+02  3.5067892e+05  3.50679e+05
1.292376712e+02  3.4196117e+05  3.41961e+05
1.305300479e+02  3.3249023e+05  3.32490e+05
1.318353483e+02  3.2285376e+05  3.22854e+05
1.331537018e+02  3.1437574e+05  3.14376e+05
1.344852389e+02  3.0541115e+05  3.05411e+05
1.358300912e+02  2.9713647e+05  2.97136e+05
1.371883922e+02  2.8958946e+05  2.89589e+05
1.385602761e+02  2.8045193e+05  2.80452e+05
1.399458788e+02  2.7214977e+05  2.72150e+05
1.413453376e+02  2.6678622e+05  2.66786e+05
1.427587910e+02  2.6422561e+05  2.64226e+05
1.441863789e+02  2.6048559e+05  2.60486e+05
1.456282427e+02  2.5751480e+05  2.57515e+05
1.470845251e+02  2.5709613e+05  2.57096e+05
1.485553704e+02  2.5489400e+05  2.54894e+05
1.500409241e+02  2.5407412e+05  2.54074e+05
1.515413333e+02  2.5518305e+05  2.55183e+05
1.530567467e+02  2.5566598e+05  2.55666e+05
1.545873141e+02  2.5704821e+05  2.57048e+05
1.561331873e+02  2.5838103e+05  2.58381e+05
1.576945191e+02  2.5957707e+05  2.59577e+05
1.592714643e+02  2.5902382e+05  2.59024e+05
1.608641790e+02  2.6074576e+05  2.60746e+05
1.624728208e+02  2.6037571e+05  2.60376e+05
1.640975490e+02  2.5905774e+05  2.59058e+05
1.657385245e+02  2.5623878e+05  2.56239e+05
1.673959097e+02  2.6637432e+05  2.66374e+05
1.690698688e+02  2.6174210e+05  2.61742e+05
1.707605675e+02  2.5770120e+05  2.57701e+05
1.724681732e+02  2.5390127e+05  2.53901e+05
1.741928549e+02  2.4986434e+05  2.49864e+05
1.759347834e+02  2.4585142e+05  2.45851e+05
1.776941313e+02  2.4191321e+05  2.41913e+05
1.794710726e+02  2.3802884e+05  2.38029e+05
1.812657833e+02  2.3417516e+05  2.34175e+05
1.830784411e+02  2.3037995e+05  2.30380e+05
1.849092256e+02  2.2661951e+05  2.26620e+05
1.867583178e+02  2.2296690e+05  2.22967e+05
1.886259010e+02  2.1932436e+05  2.19324e+05
1.905121600e+02  2.1440815e+05  2.14408e+05
1.924172816e+02  2.1222388e+05  2.12224e+05
1.943414544e+02  2.0878536e+05  2.08785e+05
1.962848690e+02  2.0535874e+05  2.05359e+05
1.982477177e+02  2.0197562e+05  2.01976e+05
2.002301948e+02  1.9864611e+05  1.98646e+05
2.022324968e+02  1.9537404e+05  1.95374e+05
2.042548217e+02  1.9215035e+05  1.92150e+05
2.062973700e+02  1.8897059e+05  1.88971e+05
2.083603437e+02  1.8581883e+05  1.85819e+05
2.104439471e+02  1.8271059e+05  1.82711e+05
2.125483866e+02  1.7966865e+05  1.79669e+05
2.146738704e+02  1.7658405e+05  1.76584e+05
2.168206091e+02  1.7371501e+05  1.73715e+05
2.189888152e+02  1.7080697e+05  1.70807e+05
2.211787034e+02  1.6793890e+05  1.67939e+05
2.233904904e+02  1.6510279e+05  1.65103e+05
2.256243953e+02  1.6231645e+05  1.62316e+05
2.278806393e+02  1.5958745e+05  1.59587e+05
2.301594457e+02  1.5689930e+05  1.56899e+05
2.324610401e+02  1.5423003e+05  1.54230e+05
2.347856505e+02  1.5160446e+05  1.51604e+05
2.371335070e+02  1.4896136e+05  1.48961e+05
2.395048421e+02  1.4614314e+05  1.46143e+05
2.418998905e+02  1.4397566e+05  1.43976e+05
2.443188894e+02  1.4150463e+05  1.41505e+05
2.467620783e+02  1.3879578e+05  1.38796e+05
2.492296991e+02  1.3669216e+05  1.36692e+05
2.517219961e+02  1.3436157e+05  1.34362e+05
2.542392161e+02  1.3204120e+05  1.32041e+05
2.567816082e+02  1.2969771e+05  1.29698e+05
2.593494243e+02  1.2753602e+05  1.27536e+05
2.619429185e+02  1.2535351e+05  1.25354e+05
2.645623477e+02  1.2318013e+05  1.23180e+05
2.672079712e+02  1.2104926e+05  1.21049e+05
2.698800509e+02  1.1894291e+05  1.18943e+05
2.725788514e+02  1.1687400e+05  1.16874e+05
2.753046399e+02  1.1483181e+05  1.14832e+05
2.780576863e+02  1.1283292e+05  1.12833e+05
2.808382632e+02  1.1085784e+05  1.10858e+05
2.836466458e+02  1.0891841e+05  1.08918e+05
2.864831123e+02  1.0701273e+05  1.07013e+05
2.893479434e+02  1.0513698e+05  1.05137e+05
2.922414228e+02  1.0329408e+05  1.03294e+05
2.951638371e+02  1.0148046e+05  1.01480e+05
2.981154754e+02  9.9695153e+04  9.96952e+04
3.010966302e+02  9.7938677e+04  9.79387e+04
3.041075965e+02  9.6211304e+04  9.62113e+04
3.071486725e+02  9.4510550e+04  9.45105e+04
3.102201592e+02  9.2838597e+04  9.28386e+04
3.133223608e+02  9.1198521e+04  9.11985e+04
3.164555844e+02  8.9575724e+04  8.95757e+04
3.196201402e+02  8.7988911e+04  8.79889e+04
3.228163416e+02  8.6415176e+04  8.64152e+04
3.260445051e+02  8.4911667e+04  8.49117e+04
3.293049501e+02  8.3413361e+04  8.34134e+04
3.325979996e+02  8.1939415e+04  8.19394e+04
3.359239796e+02  8.0496612e+04  8.04966e+04
3.392832194e+02  7.9081977e+04  7.90820e+04
3.426760516e+02  7.7691140e+04  7.76911e+04
3.461028121e+02  7.6327178e+04  7.63272e+04
3.495638402e+02  7.4979989e+04  7.49800e+04
3.530594786e+02  7.3663926e+04  7.36639e+04
3.565900734e+02  7.2366113e+04  7.23661e+04
3.601559742e+02  7.1086819e+04  7.10868e+04
3.637575339e+02  6.9831321e+04  6.98313e+04
3.673951092e+02  6.8593271e+04  6.85933e+04
3.710690603e+02  6.7372304e+04  6.73723e+04
3.747797509e+02  6.6169326e+04  6.61693e+04
3.785275484e+02  6.4979823e+04  6.49798e+04
3.823128239e+02  6.3803767e+04  6.38038e+04
3.861359522e+02  6.2597140e+04  6.25971e+04
3.899973117e+02  6.1337774e+04  6.13378e+04
3.938972848e+02  6.0302482e+04  6.03025e+04
3.978362577e+02  5.9276043e+04  5.92760e+04
4.018146202e+02  5.8165944e+04  5.81659e+04
4.058327664e+02  5.7097341e+04  5.70973e+04
4.098910941e+02  5.6070959e+04  5.60710e+04
4.139900050e+02  5.5031302e+04  5.50313e+04
4.181299051e+02  5.4002735e+04  5.40027e+04
4.223112041e+02  5.2989859e+04  5.29899e+04
4.265343162e+02  5.1992331e+04  5.19923e+04
4.307996593e+02  5.1008989e+04  5.10090e+04
4.351076559e+02  5.0054523e+04  5.00545e+04
4.394587325e+02  4.9113270e+04  4.91133e+04
4.438533198e+02  4.8192082e+04  4.81921e+04
4.482918530e+02  4.7291388e+04  4.72914e+04
4.527747715e+02  4.6410429e+04  4.64104e+04
4.573025193e+02  4.5548639e+04  4.55486e+04
4.618755445e+02  4.4705024e+04  4.47050e+04
4.664942999e+02  4.3878264e+04  4.38783e+04
4.711592429e+02  4.3067098e+04  4.30671e+04
4.758708353e+02  4.2270121e+04  4.22701e+04
4.806295437e+02  4.1488110e+04  4.14881e+04
4.854358391e+02  4.0719575e+04  4.07196e+04
4.902901975e+02  3.9964698e+04  3.99647e+04
4.951930995e+02  3.9223273e+04  3.92233e+04
