# ------------------------------------------------------------------------
# Radiance spectrum
# NASA-GSFC Planetary Spectrum Generator (PSG) (Villanueva et al. 2018, 2022)
# Synthesized on Tue May 13 20:45:23 2025
# Doppler velocities [km/s] (vobs,vrot+vorb,vwidth,vrfl,vstr): 22.08700,-0.00000,8.67000,-0.44364,0.00000
# ------------------------------------------------------------------------
# Spectra synthesized with the Planetary and Universal Model of Atmospheric Scattering (PUMAS, Villanueva et al. 2018, 2022)
# Multiple scattering method employing PSGDORT, NMAX:2 / LMAX:60 / gMAX:0.95
# Radiative transfer took 6.169 seconds
# ------------------------------------------------------------------------
# Spectral unit: Wavelength [um]
# Radiance unit: Spectral irradiance [Jy]
# Wave/freq Total Jupiter
1.000000000e-01  4.8129029e-11  4.81290e-11
1.010000000e-01  6.4763658e-11  6.47637e-11
1.020100000e-01  8.8465853e-11  8.84659e-11
1.030301000e-01  1.2327571e-10  1.23276e-10
1.040604010e-01  1.6792388e-10  1.67924e-10
1.051010050e-01  2.3378147e-10  2.33781e-10
1.061520151e-01  3.3599677e-10  3.35997e-10
1.072135352e-01  5.0734188e-10  5.07342e-10
1.082856706e-01  7.8947503e-10  7.89475e-10
1.093685273e-01  1.1219933e-09  1.12199e-09
1.104622125e-01  1.6712470e-09  1.67125e-09
1.115668347e-01  2.6952678e-09  2.69527e-09
1.126825030e-01  5.1090176e-09  5.10902e-09
1.138093280e-01  8.3705036e-09  8.37050e-09
1.149474213e-01  1.2402598e-08  1.24026e-08
1.160968955e-01  1.9957627e-08  1.99576e-08
1.172578645e-01  3.8115814e-08  3.81158e-08
1.184304431e-01  6.4764829e-07  6.47648e-07
1.196147476e-01  7.4164130e-07  7.41641e-07
1.208108950e-01  8.8341034e-07  8.83410e-07
1.220190040e-01  1.0580104e-06  1.05801e-06
1.232391940e-01  1.2073590e-06  1.20736e-06
1.244715860e-01  1.3612264e-06  1.36123e-06
1.257163018e-01  1.5283670e-06  1.52837e-06
1.269734649e-01  1.7315089e-06  1.73151e-06
1.282431995e-01  1.9991650e-06  1.99917e-06
1.295256315e-01  2.3765266e-06  2.37653e-06
1.308208878e-01  2.9444111e-06  2.94441e-06
1.321290967e-01  3.9188755e-06  3.91888e-06
1.334503877e-01  5.6449233e-06  5.64492e-06
1.347848915e-01  8.5755732e-06  8.57557e-06
1.361327404e-01  1.5270358e-05  1.52704e-05
1.374940679e-01  2.9409871e-05  2.94099e-05
1.388690085e-01  6.7203228e-05  6.72032e-05
1.402576986e-01  1.8029550e-04  1.80296e-04
1.416602756e-01  5.0097502e-04  5.00975e-04
1.430768784e-01  2.2998223e-03  2.29982e-03
1.445076471e-01  1.2113482e-02  1.21135e-02
1.459527236e-01  7.1223313e-02  7.12233e-02
1.474122509e-01  3.5380507e-01  3.53805e-01
1.488863734e-01  1.4008282e+00  1.40083e+00
1.503752371e-01  2.9231701e+00  2.92317e+00
1.518789895e-01  3.8500408e+00  3.85004e+00
1.533977794e-01  4.6372104e+00  4.63721e+00
1.549317572e-01  5.1630693e+00  5.16307e+00
1.564810747e-01  5.7372186e+00  5.73722e+00
1.580458855e-01  6.3628384e+00  6.36284e+00
1.596263443e-01  7.0432153e+00  7.04322e+00
1.612226078e-01  7.7817466e+00  7.78175e+00
1.628348338e-01  8.5819466e+00  8.58195e+00
1.644631822e-01  9.4448335e+00  9.44483e+00
1.661078140e-01  1.0374995e+01  1.03750e+01
1.677688921e-01  1.1376483e+01  1.13765e+01
1.694465811e-01  1.2453140e+01  1.24531e+01
1.711410469e-01  1.3609099e+01  1.36091e+01
1.728524573e-01  1.4848273e+01  1.48483e+01
1.745809819e-01  1.6174658e+01  1.61747e+01
1.763267917e-01  1.7592810e+01  1.75928e+01
1.780900597e-01  1.9107300e+01  1.91073e+01
1.798709603e-01  2.0722645e+01  2.07226e+01
1.816696699e-01  2.2443609e+01  2.24436e+01
1.834863666e-01  2.4275538e+01  2.42755e+01
1.853212302e-01  2.6222621e+01  2.62226e+01
1.871744425e-01  2.8289785e+01  2.82898e+01
1.890461869e-01  3.0482636e+01  3.04826e+01
1.909366488e-01  3.2808021e+01  3.28080e+01
1.928460153e-01  3.5274414e+01  3.52744e+01
1.947744755e-01  3.7890947e+01  3.78909e+01
1.967222202e-01  4.0671043e+01  4.06710e+01
1.986894424e-01  4.3527602e+01  4.35276e+01
2.006763368e-01  4.6541727e+01  4.65417e+01
2.026831002e-01  4.9706223e+01  4.97062e+01
2.047099312e-01  5.3035514e+01  5.30355e+01
2.067570305e-01  5.6539802e+01  5.65398e+01
2.088246008e-01  6.0228820e+01  6.02288e+01
2.109128468e-01  6.4113614e+01  6.41136e+01
2.130219753e-01  6.8206765e+01  6.82068e+01
2.151521951e-01  7.2522541e+01  7.25225e+01
2.173037170e-01  7.7077360e+01  7.70774e+01
2.194767542e-01  8.1890066e+01  8.18901e+01
2.216715217e-01  8.6982376e+01  8.69824e+01
2.238882369e-01  9.2379313e+01  9.23793e+01
2.261271193e-01  9.8109758e+01  9.81098e+01
2.283883905e-01  1.0420707e+02  1.04207e+02
2.306722744e-01  1.1070976e+02  1.10710e+02
2.329789971e-01  1.1766235e+02  1.17662e+02
2.353087871e-01  1.2511624e+02  1.25116e+02
2.376618750e-01  1.3313066e+02  1.33131e+02
2.400384937e-01  1.4200083e+02  1.42001e+02
2.424388787e-01  1.5176136e+02  1.51761e+02
2.448632675e-01  1.6242943e+02  1.62429e+02
2.473119001e-01  1.7413467e+02  1.74135e+02
2.497850191e-01  1.8702415e+02  1.87024e+02
2.522828693e-01  2.0126855e+02  2.01269e+02
2.548056980e-01  2.1707005e+02  2.17070e+02
2.573537550e-01  2.3465933e+02  2.34659e+02
2.599272926e-01  2.5430308e+02  2.54303e+02
2.625265655e-01  2.7631624e+02  2.76316e+02
2.651518311e-01  2.9904537e+02  2.99045e+02
2.678033494e-01  3.2208909e+02  3.22089e+02
2.704813829e-01  3.4737351e+02  3.47374e+02
2.731861968e-01  3.7515620e+02  3.75156e+02
2.759180587e-01  4.0572929e+02  4.05729e+02
2.786772393e-01  4.3941271e+02  4.39413e+02
2.814640117e-01  4.7655231e+02  4.76552e+02
2.842786518e-01  5.1759914e+02  5.17599e+02
2.871214384e-01  5.6296997e+02  5.62970e+02
2.899926527e-01  6.1318074e+02  6.13181e+02
2.928925793e-01  6.6881137e+02  6.68811e+02
2.958215051e-01  7.2801153e+02  7.28012e+02
2.987797201e-01  7.8300116e+02  7.83001e+02
3.017675173e-01  8.4244490e+02  8.42445e+02
3.047851925e-01  9.0678292e+02  9.06783e+02
3.078330444e-01  9.7637272e+02  9.76373e+02
3.109113749e-01  1.0516421e+03  1.05164e+03
3.140204886e-01  1.1331063e+03  1.13311e+03
3.171606935e-01  1.2214221e+03  1.22142e+03
3.203323004e-01  1.3169056e+03  1.31691e+03
3.235356234e-01  1.4203731e+03  1.42037e+03
3.267709797e-01  1.5317450e+03  1.53174e+03
3.300386895e-01  1.6473475e+03  1.64735e+03
3.333390764e-01  1.7718711e+03  1.77187e+03
3.366724671e-01  1.9060445e+03  1.90604e+03
3.400391918e-01  2.0509023e+03  2.05090e+03
3.434395837e-01  2.2068060e+03  2.20681e+03
3.468739795e-01  2.3746837e+03  2.37468e+03
3.503427193e-01  2.5558911e+03  2.55589e+03
3.538461465e-01  2.7510865e+03  2.75109e+03
3.573846080e-01  2.9408090e+03  2.94081e+03
3.609584541e-01  3.1403195e+03  3.14032e+03
3.645680386e-01  3.3532801e+03  3.35328e+03
3.682137190e-01  3.5807847e+03  3.58078e+03
3.718958562e-01  3.8227651e+03  3.82277e+03
3.756148148e-01  4.0804142e+03  4.08041e+03
3.793709629e-01  4.3552769e+03  4.35528e+03
3.831646725e-01  4.6479925e+03  4.64799e+03
3.869963193e-01  4.9600276e+03  4.96003e+03
3.908662824e-01  5.2686855e+03  5.26869e+03
3.947749453e-01  5.5915995e+03  5.59160e+03
3.987226947e-01  5.9328580e+03  5.93286e+03
4.027099217e-01  6.2953929e+03  6.29539e+03
4.067370209e-01  6.6760108e+03  6.67601e+03
4.108043911e-01  7.0819236e+03  7.08192e+03
4.149124350e-01  7.4914562e+03  7.49146e+03
4.190615594e-01  7.8922150e+03  7.89222e+03
4.232521750e-01  8.3177594e+03  8.31776e+03
4.274846967e-01  8.7602506e+03  8.76025e+03
4.317595437e-01  9.2229370e+03  9.22294e+03
4.360771391e-01  9.7035120e+03  9.70351e+03
4.404379105e-01  1.0191380e+04  1.01914e+04
4.448422896e-01  1.0671955e+04  1.06720e+04
4.492907125e-01  1.1067648e+04  1.10676e+04
4.537836196e-01  1.1453499e+04  1.14535e+04
4.583214558e-01  1.1846920e+04  1.18469e+04
4.629046704e-01  1.2275639e+04  1.22756e+04
4.675337171e-01  1.2703670e+04  1.27037e+04
4.722090543e-01  1.3144000e+04  1.31440e+04
4.769311448e-01  1.3588047e+04  1.35880e+04
4.817004562e-01  1.4005912e+04  1.40059e+04
4.865174608e-01  1.4398863e+04  1.43989e+04
4.913826354e-01  1.4990123e+04  1.49901e+04
4.962964618e-01  1.5486281e+04  1.54863e+04
5.012594264e-01  1.5979740e+04  1.59797e+04
5.062720206e-01  1.6456659e+04  1.64567e+04
5.113347409e-01  1.6953059e+04  1.69531e+04
5.164480883e-01  1.7519917e+04  1.75199e+04
5.216125691e-01  1.8059023e+04  1.80590e+04
5.268286948e-01  1.8623830e+04  1.86238e+04
5.320969818e-01  1.9161431e+04  1.91614e+04
5.374179516e-01  1.9549361e+04  1.95494e+04
5.427921311e-01  1.9719975e+04  1.97200e+04
5.482200524e-01  2.0875618e+04  2.08756e+04
5.537022530e-01  2.1552295e+04  2.15523e+04
5.592392755e-01  2.2163118e+04  2.21631e+04
5.648316682e-01  2.2728454e+04  2.27285e+04
5.704799849e-01  2.3041925e+04  2.30419e+04
5.761847848e-01  2.3301161e+04  2.33012e+04
5.819466326e-01  2.3903016e+04  2.39030e+04
5.877660989e-01  2.4361025e+04  2.43610e+04
5.936437599e-01  2.4643362e+04  2.46434e+04
5.995801975e-01  2.4998060e+04  2.49981e+04
6.055759995e-01  2.5446225e+04  2.54462e+04
6.116317595e-01  2.5285145e+04  2.52851e+04
6.177480771e-01  2.3723742e+04  2.37237e+04
6.239255579e-01  2.5066616e+04  2.50666e+04
6.301648135e-01  2.6966428e+04  2.69664e+04
6.364664616e-01  2.7390518e+04  2.73905e+04
6.428311262e-01  2.7647602e+04  2.76476e+04
6.492594375e-01  2.7950290e+04  2.79503e+04
6.557520318e-01  2.8079901e+04  2.80799e+04
6.623095522e-01  2.7994463e+04  2.79945e+04
6.689326477e-01  2.8364041e+04  2.83640e+04
6.756219742e-01  2.9470594e+04  2.94706e+04
6.823781939e-01  2.9678197e+04  2.96782e+04
6.892019758e-01  3.0073593e+04  3.00736e+04
6.960939956e-01  2.9969037e+04  2.99690e+04
7.030549355e-01  2.8900965e+04  2.89010e+04
7.100854849e-01  3.0069465e+04  3.00695e+04
7.171863398e-01  2.8071461e+04  2.80715e+04
7.243582032e-01  2.0938922e+04  2.09389e+04
7.316017852e-01  2.2614355e+04  2.26144e+04
7.389178030e-01  2.9908038e+04  2.99080e+04
7.463069811e-01  3.1580990e+04  3.15810e+04
7.537700509e-01  3.1734546e+04  3.17345e+04
7.613077514e-01  3.1326935e+04  3.13269e+04
7.689208289e-01  3.1061500e+04  3.10615e+04
7.766100372e-01  3.0172099e+04  3.01721e+04
7.843761376e-01  2.8322250e+04  2.83223e+04
7.922198989e-01  2.8407711e+04  2.84077e+04
8.001420979e-01  2.7994344e+04  2.79943e+04
8.081435189e-01  3.0268462e+04  3.02685e+04
8.162249541e-01  3.1836661e+04  3.18367e+04
8.243872036e-01  3.2472203e+04  3.24722e+04
8.326310757e-01  3.2756346e+04  3.27563e+04
8.409573864e-01  3.2828717e+04  3.28287e+04
8.493669603e-01  3.2764267e+04  3.27643e+04
8.578606299e-01  3.2748056e+04  3.27481e+04
8.664392362e-01  3.2079208e+04  3.20792e+04
8.751036286e-01  2.6400080e+04  2.64001e+04
8.838546648e-01  6.3695373e+03  6.36954e+03
8.926932115e-01  7.0285742e+03  7.02857e+03
9.016201436e-01  1.6427667e+04  1.64277e+04
9.106363450e-01  2.7918052e+04  2.79181e+04
9.197427085e-01  3.1998874e+04  3.19989e+04
9.289401356e-01  2.9852720e+04  2.98527e+04
9.382295369e-01  3.1302324e+04  3.13023e+04
9.476118323e-01  3.1809527e+04  3.18095e+04
9.570879506e-01  3.1070652e+04  3.10707e+04
9.666588301e-01  2.7459308e+04  2.74593e+04
9.763254184e-01  2.4959737e+04  2.49597e+04
9.860886726e-01  2.2263527e+04  2.22635e+04
9.959495593e-01  2.1294537e+04  2.12945e+04
1.005909055e+00  2.1851160e+04  2.18512e+04
1.015968145e+00  2.2949677e+04  2.29497e+04
1.026127827e+00  2.5852259e+04  2.58523e+04
1.036389105e+00  2.8079808e+04  2.80798e+04
1.046752996e+00  2.8431537e+04  2.84315e+04
1.057220526e+00  2.8540976e+04  2.85410e+04
1.067792731e+00  2.8693226e+04  2.86932e+04
1.078470659e+00  2.8453881e+04  2.84539e+04
1.089255365e+00  2.6546911e+04  2.65469e+04
1.100147919e+00  2.3780722e+04  2.37807e+04
1.111149398e+00  1.5503316e+04  1.55033e+04
1.122260892e+00  6.5457844e+03  6.54578e+03
1.133483501e+00  3.0348081e+03  3.03481e+03
1.144818336e+00  3.9006180e+03  3.90062e+03
1.156266520e+00  1.2745258e+03  1.27453e+03
1.167829185e+00  1.4939596e+03  1.49396e+03
1.179507477e+00  4.3537866e+03  4.35379e+03
1.191302551e+00  8.6898172e+03  8.68982e+03
1.203215577e+00  1.4795995e+04  1.47960e+04
1.215247733e+00  1.9038078e+04  1.90381e+04
1.227400210e+00  1.8875947e+04  1.88759e+04
1.239674212e+00  1.9506195e+04  1.95062e+04
1.252070954e+00  2.0788327e+04  2.07883e+04
1.264591664e+00  2.1185809e+04  2.11858e+04
1.277237580e+00  2.1577284e+04  2.15773e+04
1.290009956e+00  2.1282072e+04  2.12821e+04
1.302910056e+00  1.9469860e+04  1.94699e+04
1.315939156e+00  1.0029286e+04  1.00293e+04
1.329098548e+00  6.8479652e+03  6.84797e+03
1.342389533e+00  2.1687278e+03  2.16873e+03
1.355813429e+00  6.6433964e+02  6.64340e+02
1.369371563e+00  9.5005277e+02  9.50053e+02
1.383065279e+00  4.4754068e+02  4.47541e+02
1.396895931e+00  5.2948149e+02  5.29481e+02
1.410864891e+00  8.1476964e+02  8.14770e+02
1.424973540e+00  2.6652925e+03  2.66529e+03
1.439223275e+00  4.5707247e+03  4.57072e+03
1.453615508e+00  3.8247665e+03  3.82477e+03
1.468151663e+00  3.4593475e+03  3.45935e+03
1.482833179e+00  3.2130326e+03  3.21303e+03
1.497661511e+00  3.6891493e+03  3.68915e+03
1.512638126e+00  3.9250651e+03  3.92507e+03
1.527764508e+00  4.2405660e+03  4.24057e+03
1.543042153e+00  4.6577471e+03  4.65775e+03
1.558472574e+00  5.0290672e+03  5.02907e+03
1.574057300e+00  5.5785479e+03  5.57855e+03
1.589797873e+00  6.1383329e+03  6.13833e+03
1.605695852e+00  6.4343527e+03  6.43435e+03
1.621752810e+00  4.0043785e+03  4.00438e+03
1.637970338e+00  1.2798133e+03  1.27981e+03
1.654350042e+00  6.4633498e+02  6.46335e+02
1.670893542e+00  9.5331963e+02  9.53320e+02
1.687602477e+00  7.9942198e+02  7.99422e+02
1.704478502e+00  1.0239851e+02  1.02399e+02
1.721523287e+00  8.3613602e+01  8.36136e+01
1.738738520e+00  1.0186623e+03  1.01866e+03
1.756125905e+00  1.2178058e+03  1.21781e+03
1.773687164e+00  2.1745406e+02  2.17454e+02
1.791424036e+00  5.4937412e+02  5.49374e+02
1.809338276e+00  1.8601294e+03  1.86013e+03
1.827431659e+00  3.0840087e+03  3.08401e+03
1.845705976e+00  2.1077995e+03  2.10780e+03
1.864163036e+00  4.4026384e+03  4.40264e+03
1.882804666e+00  4.6387012e+03  4.63870e+03
1.901632713e+00  2.9744173e+03  2.97442e+03
1.920649040e+00  1.4987745e+03  1.49877e+03
1.939855530e+00  1.0297936e+03  1.02979e+03
1.959254085e+00  7.5461758e+02  7.54618e+02
1.978846626e+00  6.1410840e+02  6.14108e+02
1.998635092e+00  4.9922213e+02  4.99222e+02
2.018621443e+00  4.2677420e+02  4.26774e+02
2.038807658e+00  3.4364655e+02  3.43647e+02
2.059195734e+00  2.6249245e+02  2.62492e+02
2.079787692e+00  1.6282051e+02  1.62821e+02
2.100585569e+00  1.0449525e+02  1.04495e+02
2.121591424e+00  1.1246104e+02  1.12461e+02
2.142807339e+00  1.8917628e+02  1.89176e+02
2.164235412e+00  1.0154808e+02  1.01548e+02
2.185877766e+00  1.0743002e+02  1.07430e+02
2.207736544e+00  5.0365587e+01  5.03656e+01
2.229813909e+00  1.3315695e+01  1.33157e+01
2.252112048e+00  7.5746237e+00  7.57462e+00
2.274633169e+00  1.2200635e+00  1.22006e+00
2.297379500e+00  1.3848390e-01  1.38484e-01
2.320353295e+00  2.7429254e-01  2.74293e-01
2.343556828e+00  1.4216077e-01  1.42161e-01
2.366992397e+00  1.5244678e-01  1.52447e-01
2.390662321e+00  7.5656777e-01  7.56568e-01
2.414568944e+00  2.4925255e+00  2.49253e+00
2.438714633e+00  8.4635247e+00  8.46352e+00
2.463101780e+00  7.7169988e+01  7.71700e+01
2.487732797e+00  2.2047714e+02  2.20477e+02
2.512610125e+00  3.0171854e+02  3.01719e+02
2.537736227e+00  3.7493828e+02  3.74938e+02
2.563113589e+00  9.5408051e+01  9.54081e+01
2.588744725e+00  1.1942719e+02  1.19427e+02
2.614632172e+00  4.8069855e+02  4.80699e+02
2.640778494e+00  9.9710252e+02  9.97103e+02
2.667186279e+00  9.9882150e+02  9.98822e+02
2.693858142e+00  4.3833978e+02  4.38340e+02
2.720796723e+00  0.0000000e+00  0.00000e+00
2.748004690e+00  0.0000000e+00  0.00000e+00
2.775484737e+00  0.0000000e+00  0.00000e+00
2.803239584e+00  0.0000000e+00  0.00000e+00
2.831271980e+00  0.0000000e+00  0.00000e+00
2.859584700e+00  0.0000000e+00  0.00000e+00
2.888180547e+00  0.0000000e+00  0.00000e+00
2.917062353e+00  0.0000000e+00  0.00000e+00
2.946232976e+00  0.0000000e+00  0.00000e+00
2.975695306e+00  0.0000000e+00  0.00000e+00
3.005452259e+00  0.0000000e+00  0.00000e+00
3.035506781e+00  0.0000000e+00  0.00000e+00
3.065861849e+00  5.3100342e+00  5.31003e+00
3.096520468e+00  6.3194200e+00  6.31942e+00
3.127485672e+00  0.0000000e+00  0.00000e+00
3.158760529e+00  0.0000000e+00  0.00000e+00
3.190348134e+00  0.0000000e+00  0.00000e+00
3.222251616e+00  0.0000000e+00  0.00000e+00
3.254474132e+00  1.5986987e-02  1.59870e-02
3.287018873e+00  1.9011106e-02  1.90111e-02
3.319889062e+00  2.3067305e-02  2.30673e-02
3.353087953e+00  2.2483967e-02  2.24840e-02
3.386618832e+00  0.0000000e+00  0.00000e+00
3.420485021e+00  0.0000000e+00  0.00000e+00
3.454689871e+00  0.0000000e+00  0.00000e+00
3.489236769e+00  0.0000000e+00  0.00000e+00
3.524129137e+00  6.9119767e-01  6.91198e-01
3.559370428e+00  4.1223689e-01  4.12237e-01
3.594964133e+00  2.8154777e+00  2.81548e+00
3.630913774e+00  1.4614394e+01  1.46144e+01
3.667222912e+00  5.7134001e+01  5.71340e+01
3.703895141e+00  5.2964816e+01  5.29648e+01
3.740934092e+00  2.6891511e+01  2.68915e+01
3.778343433e+00  1.8186888e+01  1.81869e+01
3.816126868e+00  2.7265920e+01  2.72659e+01
3.854288136e+00  3.0403385e+01  3.04034e+01
3.892831018e+00  2.8383552e+01  2.83836e+01
3.931759328e+00  4.1979398e+01  4.19794e+01
3.971076921e+00  4.8030013e+01  4.80300e+01
4.010787690e+00  5.9403063e+01  5.94031e+01
4.050895567e+00  4.7996349e+01  4.79963e+01
4.091404523e+00  3.9176187e+01  3.91762e+01
4.132318568e+00  2.0545009e+01  2.05450e+01
4.173641754e+00  1.3851924e-01  1.38519e-01
4.215378171e+00  0.0000000e+00  0.00000e+00
4.257531953e+00  0.0000000e+00  0.00000e+00
4.300107273e+00  0.0000000e+00  0.00000e+00
4.343108345e+00  0.0000000e+00  0.00000e+00
4.386539429e+00  0.0000000e+00  0.00000e+00
4.430404823e+00  0.0000000e+00  0.00000e+00
4.474708871e+00  0.0000000e+00  0.00000e+00
4.519455960e+00  0.0000000e+00  0.00000e+00
4.564650520e+00  0.0000000e+00  0.00000e+00
4.610297025e+00  0.0000000e+00  0.00000e+00
4.656399995e+00  0.0000000e+00  0.00000e+00
4.702963995e+00  0.0000000e+00  0.00000e+00
4.749993635e+00  6.5985394e+00  6.59854e+00
4.797493571e+00  2.6064167e+01  2.60642e+01
4.845468507e+00  4.6167478e+01  4.61675e+01
4.893923192e+00  6.7028291e+01  6.70283e+01
4.942862424e+00  7.8351576e+01  7.83516e+01
4.992291048e+00  8.7045450e+01  8.70454e+01
5.042213959e+00  9.0176261e+01  9.01763e+01
5.092636098e+00  9.2243935e+01  9.22439e+01
5.143562459e+00  8.8172061e+01  8.81721e+01
5.194998084e+00  8.3232495e+01  8.32325e+01
5.246948065e+00  7.6573099e+01  7.65731e+01
5.299417545e+00  6.6967849e+01  6.69678e+01
5.352411721e+00  5.6703921e+01  5.67039e+01
5.405935838e+00  4.6590077e+01  4.65901e+01
5.459995196e+00  3.2305529e+01  3.23055e+01
5.514595148e+00  1.8983211e+01  1.89832e+01
5.569741100e+00  2.3867440e+00  2.38674e+00
5.625438511e+00  0.0000000e+00  0.00000e+00
5.681692896e+00  0.0000000e+00  0.00000e+00
5.738509825e+00  0.0000000e+00  0.00000e+00
5.795894923e+00  0.0000000e+00  0.00000e+00
5.853853872e+00  0.0000000e+00  0.00000e+00
5.912392411e+00  0.0000000e+00  0.00000e+00
5.971516335e+00  0.0000000e+00  0.00000e+00
6.031231499e+00  0.0000000e+00  0.00000e+00
6.091543814e+00  0.0000000e+00  0.00000e+00
6.152459252e+00  0.0000000e+00  0.00000e+00
6.213983844e+00  0.0000000e+00  0.00000e+00
6.276123683e+00  0.0000000e+00  0.00000e+00
6.338884920e+00  0.0000000e+00  0.00000e+00
6.402273769e+00  0.0000000e+00  0.00000e+00
6.466296506e+00  1.3582723e+02  1.35827e+02
6.530959471e+00  8.3948901e+01  8.39489e+01
6.596269066e+00  0.0000000e+00  0.00000e+00
6.662231757e+00  2.1359040e+01  2.13590e+01
6.728854074e+00  1.1197151e+02  1.11972e+02
6.796142615e+00  1.7416905e+02  1.74169e+02
6.864104041e+00  2.2968209e+02  2.29682e+02
6.932745082e+00  2.1757184e+02  2.17572e+02
7.002072533e+00  2.9362536e+02  2.93625e+02
7.072093258e+00  2.8033357e+02  2.80334e+02
7.142814190e+00  2.9887557e+02  2.98876e+02
7.214242332e+00  4.0075366e+02  4.00754e+02
7.286384756e+00  9.0312520e+02  9.03125e+02
7.359248603e+00  2.3707548e+03  2.37075e+03
7.432841089e+00  4.1942377e+03  4.19424e+03
7.507169500e+00  4.6522743e+03  4.65227e+03
7.582241195e+00  2.5868767e+03  2.58688e+03
7.658063607e+00  8.1381085e+03  8.13811e+03
7.734644243e+00  6.4257425e+03  6.42574e+03
7.811990686e+00  6.0073631e+03  6.00736e+03
7.890110592e+00  6.3071499e+03  6.30715e+03
7.969011698e+00  4.0825472e+03  4.08255e+03
8.048701815e+00  3.2999265e+03  3.29993e+03
8.129188834e+00  1.9934682e+03  1.99347e+03
8.210480722e+00  1.6735483e+03  1.67355e+03
8.292585529e+00  1.6777636e+03  1.67776e+03
8.375511384e+00  1.5081715e+03  1.50817e+03
8.459266498e+00  1.4823817e+03  1.48238e+03
8.543859163e+00  1.6144369e+03  1.61444e+03
8.629297755e+00  1.9553815e+03  1.95538e+03
8.715590732e+00  1.7997852e+03  1.79979e+03
8.802746640e+00  1.9090470e+03  1.90905e+03
8.890774106e+00  2.0333352e+03  2.03334e+03
8.979681847e+00  2.1920223e+03  2.19202e+03
9.069478666e+00  2.3723527e+03  2.37235e+03
9.160173452e+00  2.5621108e+03  2.56211e+03
9.251775187e+00  2.7724440e+03  2.77244e+03
9.344292939e+00  3.0205859e+03  3.02059e+03
9.437735868e+00  3.2962092e+03  3.29621e+03
9.532113227e+00  3.5995588e+03  3.59956e+03
9.627434359e+00  3.9247140e+03  3.92471e+03
9.723708703e+00  4.2773783e+03  4.27738e+03
9.820945790e+00  4.6597556e+03  4.65976e+03
9.919155248e+00  5.0551958e+03  5.05520e+03
1.001834680e+01  5.4803811e+03  5.48038e+03
1.011853027e+01  5.9273254e+03  5.92733e+03
1.021971557e+01  6.4146767e+03  6.41468e+03
1.032191273e+01  6.9464590e+03  6.94646e+03
1.042513185e+01  7.5162719e+03  7.51627e+03
1.052938317e+01  8.1042650e+03  8.10426e+03
1.063467700e+01  8.7203408e+03  8.72034e+03
1.074102377e+01  9.3587819e+03  9.35878e+03
1.084843401e+01  1.0053894e+04  1.00539e+04
1.095691835e+01  1.0786164e+04  1.07862e+04
1.106648754e+01  1.1551295e+04  1.15513e+04
1.117715241e+01  1.2353528e+04  1.23535e+04
1.128892393e+01  1.3186547e+04  1.31865e+04
1.140181317e+01  1.4065788e+04  1.40658e+04
1.151583131e+01  1.4989913e+04  1.49899e+04
1.163098962e+01  1.5954677e+04  1.59547e+04
1.174729952e+01  1.6972611e+04  1.69726e+04
1.186477251e+01  1.8042418e+04  1.80424e+04
1.198342024e+01  1.9172937e+04  1.91729e+04
1.210325444e+01  2.0366454e+04  2.03665e+04
1.222428698e+01  2.1606330e+04  2.16063e+04
1.234652985e+01  2.2907623e+04  2.29076e+04
1.246999515e+01  2.4319467e+04  2.43195e+04
1.259469510e+01  2.5749512e+04  2.57495e+04
1.272064205e+01  2.7251903e+04  2.72519e+04
1.284784847e+01  2.8833792e+04  2.88338e+04
1.297632696e+01  3.0428376e+04  3.04284e+04
1.310609023e+01  3.2062991e+04  3.20630e+04
1.323715113e+01  3.3730975e+04  3.37310e+04
1.336952264e+01  3.5438642e+04  3.54386e+04
1.350321787e+01  3.7184455e+04  3.71845e+04
1.363825005e+01  3.8963876e+04  3.89639e+04
1.377463255e+01  4.0787735e+04  4.07877e+04
1.391237887e+01  4.2653482e+04  4.26535e+04
1.405150266e+01  4.4556801e+04  4.45568e+04
1.419201769e+01  4.6500793e+04  4.65008e+04
1.433393786e+01  4.8500298e+04  4.85003e+04
1.447727724e+01  5.0561248e+04  5.05612e+04
1.462205002e+01  5.2690600e+04  5.26906e+04
1.476827052e+01  5.4888643e+04  5.48886e+04
1.491595322e+01  5.7161123e+04  5.71611e+04
1.506511275e+01  5.9529616e+04  5.95296e+04
1.521576388e+01  6.1991711e+04  6.19917e+04
1.536792152e+01  6.4576131e+04  6.45761e+04
1.552160073e+01  6.7299568e+04  6.72996e+04
1.567681674e+01  7.0148748e+04  7.01487e+04
1.583358491e+01  7.3140901e+04  7.31409e+04
1.599192076e+01  7.6321693e+04  7.63217e+04
1.615183997e+01  7.9671407e+04  7.96714e+04
1.631335837e+01  8.3211202e+04  8.32112e+04
1.647649195e+01  8.6909453e+04  8.69095e+04
1.664125687e+01  9.0850360e+04  9.08504e+04
1.680766944e+01  9.5054611e+04  9.50546e+04
1.697574613e+01  9.9472527e+04  9.94725e+04
1.714550359e+01  1.0410256e+05  1.04103e+05
1.731695863e+01  1.0915360e+05  1.09154e+05
1.749012822e+01  1.1472531e+05  1.14725e+05
1.766502950e+01  1.2060436e+05  1.20604e+05
1.784167979e+01  1.2678203e+05  1.26782e+05
1.802009659e+01  1.3345380e+05  1.33454e+05
1.820029756e+01  1.4046750e+05  1.40467e+05
1.838230053e+01  1.4778263e+05  1.47783e+05
1.856612354e+01  1.5528843e+05  1.55288e+05
1.875178477e+01  1.6284509e+05  1.62845e+05
1.893930262e+01  1.7054034e+05  1.70540e+05
1.912869565e+01  1.7839992e+05  1.78400e+05
1.931998260e+01  1.8616408e+05  1.86164e+05
1.951318243e+01  1.9380917e+05  1.93809e+05
1.970831425e+01  2.0135220e+05  2.01352e+05
1.990539740e+01  2.0876161e+05  2.08762e+05
2.010445137e+01  2.1611971e+05  2.16120e+05
2.030549588e+01  2.2340874e+05  2.23409e+05
2.050855084e+01  2.3054023e+05  2.30540e+05
2.071363635e+01  2.3750045e+05  2.37500e+05
2.092077271e+01  2.4450311e+05  2.44503e+05
2.112998044e+01  2.5155835e+05  2.51558e+05
2.134128025e+01  2.5854509e+05  2.58545e+05
2.155469305e+01  2.6531500e+05  2.65315e+05
2.177023998e+01  2.7205983e+05  2.72060e+05
2.198794238e+01  2.7867760e+05  2.78678e+05
2.220782180e+01  2.8526995e+05  2.85270e+05
2.242990002e+01  2.9181768e+05  2.91818e+05
2.265419902e+01  2.9835415e+05  2.98354e+05
2.288074101e+01  3.0480238e+05  3.04802e+05
2.310954842e+01  3.1117705e+05  3.11177e+05
2.334064391e+01  3.1752626e+05  3.17526e+05
2.357405034e+01  3.2380361e+05  3.23804e+05
2.380979085e+01  3.2999626e+05  3.29996e+05
2.404788876e+01  3.3615826e+05  3.36158e+05
2.428836764e+01  3.4226222e+05  3.42262e+05
2.453125132e+01  3.4830920e+05  3.48309e+05
2.477656383e+01  3.5432304e+05  3.54323e+05
2.502432947e+01  3.6030671e+05  3.60307e+05
2.527457277e+01  3.6642361e+05  3.66424e+05
2.552731849e+01  3.7251526e+05  3.72515e+05
2.578259168e+01  3.7874853e+05  3.78749e+05
2.604041760e+01  3.8507996e+05  3.85080e+05
2.630082177e+01  3.9131000e+05  3.91310e+05
2.656382999e+01  3.9775342e+05  3.97753e+05
2.682946829e+01  4.0426514e+05  4.04265e+05
2.709776297e+01  4.1089151e+05  4.10892e+05
2.736874060e+01  4.1759658e+05  4.17597e+05
2.764242801e+01  4.2495216e+05  4.24952e+05
2.791885229e+01  4.3212096e+05  4.32121e+05
2.819804081e+01  4.4226340e+05  4.42263e+05
2.848002122e+01  4.4630124e+05  4.46301e+05
2.876482143e+01  4.5615249e+05  4.56152e+05
2.905246965e+01  4.6413822e+05  4.64138e+05
2.934299434e+01  4.7210223e+05  4.72102e+05
2.963642429e+01  4.8020125e+05  4.80201e+05
2.993278853e+01  4.8845190e+05  4.88452e+05
3.023211641e+01  4.9683177e+05  4.96832e+05
3.053443758e+01  5.0568007e+05  5.05680e+05
3.083978195e+01  5.1452282e+05  5.14523e+05
3.114817977e+01  5.2296817e+05  5.22968e+05
3.145966157e+01  5.3086270e+05  5.30863e+05
3.177425819e+01  5.3851830e+05  5.38518e+05
3.209200077e+01  5.4590851e+05  5.45909e+05
3.241292078e+01  5.5304748e+05  5.53047e+05
3.273704998e+01  5.6014786e+05  5.60148e+05
3.306442048e+01  5.6696186e+05  5.66962e+05
3.339506469e+01  5.7334792e+05  5.73348e+05
3.372901534e+01  5.7914201e+05  5.79142e+05
3.406630549e+01  5.8465279e+05  5.84653e+05
3.440696854e+01  5.8996127e+05  5.89961e+05
3.475103823e+01  5.9484171e+05  5.94842e+05
3.509854861e+01  5.9936847e+05  5.99368e+05
3.544953410e+01  6.0366697e+05  6.03667e+05
3.580402944e+01  6.0767966e+05  6.07680e+05
3.616206973e+01  6.1135618e+05  6.11356e+05
3.652369043e+01  6.1477933e+05  6.14779e+05
3.688892733e+01  6.1790234e+05  6.17902e+05
3.725781661e+01  6.2068803e+05  6.20688e+05
3.763039477e+01  6.2315492e+05  6.23155e+05
3.800669872e+01  6.2549370e+05  6.25494e+05
3.838676571e+01  6.2758196e+05  6.27582e+05
3.877063337e+01  6.2950628e+05  6.29506e+05
3.915833970e+01  6.3120384e+05  6.31204e+05
3.954992310e+01  6.3269071e+05  6.32691e+05
3.994542233e+01  6.3403152e+05  6.34032e+05
4.034487655e+01  6.3510348e+05  6.35103e+05
4.074832532e+01  6.3596683e+05  6.35967e+05
4.115580857e+01  6.3662402e+05  6.36624e+05
4.156736666e+01  6.3678583e+05  6.36786e+05
4.198304032e+01  6.3673665e+05  6.36737e+05
4.240287073e+01  6.3650642e+05  6.36506e+05
4.282689943e+01  6.3603947e+05  6.36039e+05
4.325516843e+01  6.3497394e+05  6.34974e+05
4.368772011e+01  6.3357981e+05  6.33580e+05
4.412459731e+01  6.3152350e+05  6.31523e+05
4.456584329e+01  6.2937805e+05  6.29378e+05
4.501150172e+01  6.2650254e+05  6.26503e+05
4.546161674e+01  6.2351544e+05  6.23515e+05
4.591623290e+01  6.2031955e+05  6.20320e+05
4.637539523e+01  6.1718980e+05  6.17190e+05
4.683914918e+01  6.1430833e+05  6.14308e+05
4.730754068e+01  6.1175699e+05  6.11757e+05
4.778061608e+01  6.0957698e+05  6.09577e+05
4.825842224e+01  6.0752222e+05  6.07522e+05
4.874100647e+01  6.0551210e+05  6.05512e+05
4.922841653e+01  6.0353015e+05  6.03530e+05
4.972070070e+01  6.0143683e+05  6.01437e+05
5.021790770e+01  5.9923521e+05  5.99235e+05
5.072008678e+01  5.9693836e+05  5.96938e+05
5.122728765e+01  5.9452217e+05  5.94522e+05
5.173956052e+01  5.9199656e+05  5.91997e+05
5.225695613e+01  5.8936400e+05  5.89364e+05
5.277952569e+01  5.8662029e+05  5.86620e+05
5.330732095e+01  5.8374321e+05  5.83743e+05
5.384039416e+01  5.8065318e+05  5.80653e+05
5.437879810e+01  5.7733298e+05  5.77333e+05
5.492258608e+01  5.7372933e+05  5.73729e+05
5.547181194e+01  5.6995215e+05  5.69952e+05
5.602653006e+01  5.6634606e+05  5.66346e+05
5.658679536e+01  5.6216117e+05  5.62161e+05
5.715266331e+01  5.5834027e+05  5.58340e+05
5.772418995e+01  5.5491656e+05  5.54917e+05
5.830143185e+01  5.5177377e+05  5.51774e+05
5.888444617e+01  5.4959194e+05  5.49592e+05
5.947329063e+01  5.4779212e+05  5.47792e+05
6.006802353e+01  5.4620863e+05  5.46209e+05
6.066870377e+01  5.4347825e+05  5.43478e+05
6.127539081e+01  5.4032356e+05  5.40324e+05
6.188814471e+01  5.3679754e+05  5.36798e+05
6.250702616e+01  5.3308977e+05  5.33090e+05
6.313209642e+01  5.2897741e+05  5.28977e+05
6.376341739e+01  5.2482364e+05  5.24824e+05
6.440105156e+01  5.2046674e+05  5.20467e+05
6.504506208e+01  5.1595576e+05  5.15956e+05
6.569551270e+01  5.1139416e+05  5.11394e+05
6.635246782e+01  5.0675612e+05  5.06756e+05
6.701599250e+01  5.0206205e+05  5.02062e+05
6.768615243e+01  4.9732488e+05  4.97325e+05
6.836301395e+01  4.9255981e+05  4.92560e+05
6.904664409e+01  4.8780658e+05  4.87807e+05
6.973711053e+01  4.8292756e+05  4.82928e+05
7.043448164e+01  4.7807968e+05  4.78080e+05
7.113882645e+01  4.7327059e+05  4.73271e+05
7.185021472e+01  4.6844832e+05  4.68448e+05
7.256871687e+01  4.6360546e+05  4.63605e+05
7.329440403e+01  4.5878176e+05  4.58782e+05
7.402734807e+01  4.5424147e+05  4.54241e+05
7.476762156e+01  4.4916950e+05  4.49169e+05
7.551529777e+01  4.4443051e+05  4.44431e+05
7.627045075e+01  4.3971917e+05  4.39719e+05
7.703315526e+01  4.3517268e+05  4.35173e+05
7.780348681e+01  4.3062546e+05  4.30625e+05
7.858152168e+01  4.2607431e+05  4.26074e+05
7.936733689e+01  4.2152217e+05  4.21522e+05
8.016101026e+01  4.1735857e+05  4.17359e+05
8.096262037e+01  4.1247833e+05  4.12478e+05
8.177224657e+01  4.0798444e+05  4.07984e+05
8.258996903e+01  4.0349662e+05  4.03497e+05
8.341586873e+01  3.9902051e+05  3.99021e+05
8.425002741e+01  3.9455989e+05  3.94560e+05
8.509252769e+01  3.9011157e+05  3.90112e+05
8.594345296e+01  3.8565599e+05  3.85656e+05
8.680288749e+01  3.8141537e+05  3.81415e+05
8.767091637e+01  3.7690480e+05  3.76905e+05
8.854762553e+01  3.7234068e+05  3.72341e+05
8.943310179e+01  3.6793843e+05  3.67938e+05
9.032743280e+01  3.6356121e+05  3.63561e+05
9.123070713e+01  3.5917787e+05  3.59178e+05
9.214301420e+01  3.5478216e+05  3.54782e+05
9.306444435e+01  3.5042094e+05  3.50421e+05
9.399508879e+01  3.4609543e+05  3.46095e+05
9.493503968e+01  3.4181162e+05  3.41812e+05
9.588439007e+01  3.3871579e+05  3.38716e+05
9.684323397e+01  3.3324278e+05  3.33243e+05
9.781166631e+01  3.2900782e+05  3.29008e+05
9.878978298e+01  3.2481789e+05  3.24818e+05
9.977768081e+01  3.2067342e+05  3.20673e+05
1.007754576e+02  3.1656208e+05  3.16562e+05
1.017832122e+02  3.1249286e+05  3.12493e+05
1.028010443e+02  3.0844321e+05  3.08443e+05
1.038290548e+02  3.0443982e+05  3.04440e+05
1.048673453e+02  3.0047822e+05  3.00478e+05
1.059160188e+02  2.9747935e+05  2.97479e+05
1.069751789e+02  2.9284364e+05  2.92844e+05
1.080449307e+02  2.8882827e+05  2.88828e+05
1.091253800e+02  2.8503062e+05  2.85031e+05
1.102166338e+02  2.8128634e+05  2.81286e+05
1.113188002e+02  2.7770881e+05  2.77709e+05
1.124319882e+02  2.7451861e+05  2.74519e+05
1.135563081e+02  2.7033024e+05  2.70330e+05
1.146918711e+02  2.6676924e+05  2.66769e+05
1.158387899e+02  2.6327257e+05  2.63273e+05
1.169971778e+02  2.5983700e+05  2.59837e+05
1.181671495e+02  2.5647036e+05  2.56470e+05
1.193488210e+02  2.5534184e+05  2.55342e+05
1.205423092e+02  2.4986626e+05  2.49866e+05
1.217477323e+02  2.4646771e+05  2.46468e+05
1.229652097e+02  2.4313023e+05  2.43130e+05
1.241948618e+02  2.3983794e+05  2.39838e+05
1.254368104e+02  2.3658238e+05  2.36582e+05
1.266911785e+02  2.3336312e+05  2.33363e+05
1.279580903e+02  2.3017991e+05  2.30180e+05
1.292376712e+02  2.2703851e+05  2.27039e+05
1.305300479e+02  2.2392821e+05  2.23928e+05
1.318353483e+02  2.2086426e+05  2.20864e+05
1.331537018e+02  2.1784073e+05  2.17841e+05
1.344852389e+02  2.1485853e+05  2.14859e+05
1.358300912e+02  2.1213614e+05  2.12136e+05
1.371883922e+02  2.0942771e+05  2.09428e+05
1.385602761e+02  2.0615174e+05  2.06152e+05
1.399458788e+02  2.0332594e+05  2.03326e+05
1.413453376e+02  2.0054967e+05  2.00550e+05
1.427587910e+02  1.9781834e+05  1.97818e+05
1.441863789e+02  1.9513437e+05  1.95134e+05
1.456282427e+02  1.9249297e+05  1.92493e+05
1.470845251e+02  1.8989797e+05  1.89898e+05
1.485553704e+02  1.8735298e+05  1.87353e+05
1.500409241e+02  1.8486348e+05  1.84863e+05
1.515413333e+02  1.8242785e+05  1.82428e+05
1.530567467e+02  1.8004880e+05  1.80049e+05
1.545873141e+02  1.7772833e+05  1.77728e+05
1.561331873e+02  1.7546709e+05  1.75467e+05
1.576945191e+02  1.7328807e+05  1.73288e+05
1.592714643e+02  1.7164116e+05  1.71641e+05
1.608641790e+02  1.6890576e+05  1.68906e+05
1.624728208e+02  1.6643603e+05  1.66436e+05
1.640975490e+02  1.6401922e+05  1.64019e+05
1.657385245e+02  1.6164236e+05  1.61642e+05
1.673959097e+02  1.5929509e+05  1.59295e+05
1.690698688e+02  1.5698137e+05  1.56981e+05
1.707605675e+02  1.5470503e+05  1.54705e+05
1.724681732e+02  1.5245971e+05  1.52460e+05
1.741928549e+02  1.5024985e+05  1.50250e+05
1.759347834e+02  1.4807794e+05  1.48078e+05
1.776941313e+02  1.4594073e+05  1.45941e+05
1.794710726e+02  1.4383474e+05  1.43835e+05
1.812657833e+02  1.4176346e+05  1.41763e+05
1.830784411e+02  1.3973081e+05  1.39731e+05
1.849092256e+02  1.3773668e+05  1.37737e+05
1.867583178e+02  1.3576682e+05  1.35767e+05
1.886259010e+02  1.3384044e+05  1.33840e+05
1.905121600e+02  1.3214362e+05  1.32144e+05
1.924172816e+02  1.3009500e+05  1.30095e+05
1.943414544e+02  1.2827051e+05  1.28271e+05
1.962848690e+02  1.2649188e+05  1.26492e+05
1.982477177e+02  1.2475410e+05  1.24754e+05
2.002301948e+02  1.2305634e+05  1.23056e+05
2.022324968e+02  1.2140025e+05  1.21400e+05
2.042548217e+02  1.1978896e+05  1.19789e+05
2.062973700e+02  1.1822553e+05  1.18226e+05
2.083603437e+02  1.1671534e+05  1.16715e+05
2.104439471e+02  1.1518305e+05  1.15183e+05
2.125483866e+02  1.1339340e+05  1.13393e+05
2.146738704e+02  1.1164083e+05  1.11641e+05
2.168206091e+02  1.0989863e+05  1.09899e+05
2.189888152e+02  1.0819241e+05  1.08192e+05
2.211787034e+02  1.0651397e+05  1.06514e+05
2.233904904e+02  1.0486391e+05  1.04864e+05
2.256243953e+02  1.0323981e+05  1.03240e+05
2.278806393e+02  1.0164070e+05  1.01641e+05
2.301594457e+02  1.0006816e+05  1.00068e+05
2.324610401e+02  9.8524039e+04  9.85240e+04
2.347856505e+02  9.7005526e+04  9.70055e+04
2.371335070e+02  9.5517416e+04  9.55174e+04
2.395048421e+02  9.4054004e+04  9.40540e+04
2.418998905e+02  9.2602526e+04  9.26025e+04
2.443188894e+02  9.1184287e+04  9.11843e+04
2.467620783e+02  8.9793187e+04  8.97932e+04
2.492296991e+02  8.8426729e+04  8.84267e+04
2.517219961e+02  8.7084864e+04  8.70849e+04
2.542392161e+02  8.5768539e+04  8.57685e+04
2.567816082e+02  8.4476190e+04  8.44762e+04
2.593494243e+02  8.3209591e+04  8.32096e+04
2.619429185e+02  8.1967068e+04  8.19671e+04
2.645623477e+02  8.0750692e+04  8.07507e+04
2.672079712e+02  7.9559274e+04  7.95593e+04
2.698800509e+02  7.8393504e+04  7.83935e+04
2.725788514e+02  7.7253515e+04  7.72535e+04
2.753046399e+02  7.6139844e+04  7.61398e+04
2.780576863e+02  7.5052683e+04  7.50527e+04
2.808382632e+02  7.3992791e+04  7.39928e+04
2.836466458e+02  7.2960955e+04  7.29610e+04
2.864831123e+02  7.1958326e+04  7.19583e+04
2.893479434e+02  7.0985988e+04  7.09860e+04
2.922414228e+02  7.0045724e+04  7.00457e+04
2.951638371e+02  6.9139308e+04  6.91393e+04
2.981154754e+02  6.8269119e+04  6.82691e+04
3.010966302e+02  6.7324596e+04  6.73246e+04
3.041075965e+02  6.6205748e+04  6.62057e+04
3.071486725e+02  6.5105885e+04  6.51059e+04
3.102201592e+02  6.4024439e+04  6.40244e+04
3.133223608e+02  6.2961411e+04  6.29614e+04
3.164555844e+02  6.1914955e+04  6.19150e+04
3.196201402e+02  6.0886906e+04  6.08869e+04
3.228163416e+02  5.9873778e+04  5.98738e+04
3.260445051e+02  5.8887022e+04  5.88870e+04
3.293049501e+02  5.7911781e+04  5.79118e+04
3.325979996e+02  5.6953437e+04  5.69534e+04
3.359239796e+02  5.6012164e+04  5.60122e+04
3.392832194e+02  5.5087408e+04  5.50874e+04
3.426760516e+02  5.4178833e+04  5.41788e+04
3.461028121e+02  5.3286126e+04  5.32861e+04
3.495638402e+02  5.2408854e+04  5.24089e+04
3.530594786e+02  5.1547639e+04  5.15476e+04
3.565900734e+02  5.0701377e+04  5.07014e+04
3.601559742e+02  4.9870105e+04  4.98701e+04
3.637575339e+02  4.9053734e+04  4.90537e+04
3.673951092e+02  4.8252046e+04  4.82520e+04
3.710690603e+02  4.7464852e+04  4.74649e+04
3.747797509e+02  4.6691896e+04  4.66919e+04
3.785275484e+02  4.5933103e+04  4.59331e+04
3.823128239e+02  4.5188305e+04  4.51883e+04
3.861359522e+02  4.4457256e+04  4.44573e+04
3.899973117e+02  4.3739699e+04  4.37397e+04
3.938972848e+02  4.3035428e+04  4.30354e+04
3.978362577e+02  4.2343753e+04  4.23438e+04
4.018146202e+02  4.1667707e+04  4.16677e+04
4.058327664e+02  4.1004959e+04  4.10050e+04
4.098910941e+02  4.0354902e+04  4.03549e+04
4.139900050e+02  3.9717726e+04  3.97177e+04
4.181299051e+02  3.9093321e+04  3.90933e+04
4.223112041e+02  3.8481579e+04  3.84816e+04
4.265343162e+02  3.7882064e+04  3.78821e+04
4.307996593e+02  3.7293749e+04  3.72937e+04
4.351076559e+02  3.6723069e+04  3.67231e+04
4.394587325e+02  3.6162346e+04  3.61623e+04
4.438533198e+02  3.5614328e+04  3.56143e+04
4.482918530e+02  3.5079221e+04  3.50792e+04
4.527747715e+02  3.4557121e+04  3.45571e+04
4.573025193e+02  3.4048114e+04  3.40481e+04
4.618755445e+02  3.3552446e+04  3.35524e+04
4.664942999e+02  3.3070461e+04  3.30705e+04
4.711592429e+02  3.2602511e+04  3.26025e+04
4.758708353e+02  3.2148731e+04  3.21487e+04
4.806295437e+02  3.1710364e+04  3.17104e+04
4.854358391e+02  3.1287577e+04  3.12876e+04
4.902901975e+02  3.0881508e+04  3.08815e+04
4.951930995e+02  3.0493266e+04  3.04933e+04
