# ------------------------------------------------------------------------
# Radiance spectrum
# NASA-GSFC Planetary Spectrum Generator (PSG) (Villanueva et al. 2018, 2022)
# Synthesized on Tue May 13 20:48:18 2025
# Doppler velocities [km/s] (vobs,vrot+vorb,vwidth,vrfl,vstr): 22.08700,-0.00000,8.67000,-0.44364,0.00000
# ------------------------------------------------------------------------
# Spectra synthesized with the Planetary and Universal Model of Atmospheric Scattering (PUMAS, Villanueva et al. 2018, 2022)
# Multiple scattering method employing PSGDORT, NMAX:2 / LMAX:60 / gMAX:0.95
# Radiative transfer took 5.580 seconds
# ------------------------------------------------------------------------
# Spectral unit: Wavelength [um]
# Radiance unit: Spectral irradiance [Jy]
# Wave/freq Total Jupiter
1.000000000e-01  0.0000000e+00  0.00000e+00
1.010000000e-01  0.0000000e+00  0.00000e+00
1.020100000e-01  0.0000000e+00  0.00000e+00
1.030301000e-01  0.0000000e+00  0.00000e+00
1.040604010e-01  0.0000000e+00  0.00000e+00
1.051010050e-01  0.0000000e+00  0.00000e+00
1.061520151e-01  0.0000000e+00  0.00000e+00
1.072135352e-01  0.0000000e+00  0.00000e+00
1.082856706e-01  0.0000000e+00  0.00000e+00
1.093685273e-01  0.0000000e+00  0.00000e+00
1.104622125e-01  0.0000000e+00  0.00000e+00
1.115668347e-01  0.0000000e+00  0.00000e+00
1.126825030e-01  0.0000000e+00  0.00000e+00
1.138093280e-01  0.0000000e+00  0.00000e+00
1.149474213e-01  0.0000000e+00  0.00000e+00
1.160968955e-01  0.0000000e+00  0.00000e+00
1.172578645e-01  0.0000000e+00  0.00000e+00
1.184304431e-01  0.0000000e+00  0.00000e+00
1.196147476e-01  0.0000000e+00  0.00000e+00
1.208108950e-01  0.0000000e+00  0.00000e+00
1.220190040e-01  0.0000000e+00  0.00000e+00
1.232391940e-01  0.0000000e+00  0.00000e+00
1.244715860e-01  0.0000000e+00  0.00000e+00
1.257163018e-01  0.0000000e+00  0.00000e+00
1.269734649e-01 3.7801930e-293 3.78019e-293
1.282431995e-01 4.0201967e-290 4.02020e-290
1.295256315e-01 3.9891027e-287 3.98910e-287
1.308208878e-01 3.6956451e-284 3.69565e-284
1.321290967e-01 3.1986858e-281 3.19869e-281
1.334503877e-01 2.5881654e-278 2.58817e-278
1.347848915e-01 1.9589497e-275 1.95895e-275
1.361327404e-01 1.3873802e-272 1.38738e-272
1.374940679e-01 9.1967334e-270 9.19673e-270
1.388690085e-01 5.6992219e-267 5.69922e-267
1.402576986e-01 3.2867137e-264 3.28671e-264
1.416602756e-01 1.7433233e-261 1.74332e-261
1.430768784e-01 7.4334668e-259 7.43347e-259
1.445076471e-01 5.2595320e-256 5.25953e-256
1.459527236e-01 1.6959936e-249 1.69599e-249
1.474122509e-01 1.2412648e-246 1.24126e-246
1.488863734e-01 1.6222225e-244 1.62222e-244
1.503752371e-01 1.4974641e-242 1.49746e-242
1.518789895e-01 1.5264478e-240 1.52645e-240
1.533977794e-01 5.7063894e-245 5.70639e-245
1.549317572e-01 1.8696723e-242 1.86967e-242
1.564810747e-01 6.1461954e-240 6.14620e-240
1.580458855e-01 1.7652538e-237 1.76525e-237
1.596263443e-01 5.1073781e-235 5.10738e-235
1.612226078e-01 1.2716297e-232 1.27163e-232
1.628348338e-01 2.9766449e-230 2.97664e-230
1.644631822e-01 6.5792208e-228 6.57922e-228
1.661078140e-01 1.2994811e-225 1.29948e-225
1.677688921e-01 2.3796599e-223 2.37966e-223
1.694465811e-01 4.0450315e-221 4.04503e-221
1.711410469e-01 3.2839270e-217 3.28393e-217
1.728524573e-01 4.5964167e-209 4.59642e-209
1.745809819e-01 7.9780931e-203 7.97809e-203
1.763267917e-01 2.1709475e-194 2.17095e-194
1.780900597e-01 9.1766373e-186 9.17664e-186
1.798709603e-01 2.3770831e-179 2.37708e-179
1.816696699e-01 2.1845814e-174 2.18458e-174
1.834863666e-01 8.6726634e-167 8.67266e-167
1.853212302e-01 8.9882368e-161 8.98824e-161
1.871744425e-01 1.8261301e-156 1.82613e-156
1.890461869e-01 8.9378286e-152 8.93783e-152
1.909366488e-01 2.2348938e-147 2.23489e-147
1.928460153e-01 6.8990247e-144 6.89902e-144
1.947744755e-01 5.8491296e-142 5.84913e-142
1.967222202e-01 4.8851402e-138 4.88514e-138
1.986894424e-01 6.7916934e-135 6.79169e-135
2.006763368e-01  0.0000000e+00  0.00000e+00
2.026831002e-01  7.3179894e-69  7.31799e-69
2.047099312e-01  0.0000000e+00  0.00000e+00
2.067570305e-01  0.0000000e+00  0.00000e+00
2.088246008e-01  5.6451314e-67  5.64513e-67
2.109128468e-01  0.0000000e+00  0.00000e+00
2.130219753e-01  0.0000000e+00  0.00000e+00
2.151521951e-01  0.0000000e+00  0.00000e+00
2.173037170e-01  0.0000000e+00  0.00000e+00
2.194767542e-01  0.0000000e+00  0.00000e+00
2.216715217e-01  0.0000000e+00  0.00000e+00
2.238882369e-01  1.6218021e-62  1.62180e-62
2.261271193e-01  0.0000000e+00  0.00000e+00
2.283883905e-01  2.6768455e-61  2.67685e-61
2.306722744e-01  3.4491030e-61  3.44910e-61
2.329789971e-01  0.0000000e+00  0.00000e+00
2.353087871e-01  2.1807896e-60  2.18079e-60
2.376618750e-01  2.1063838e-54  2.10638e-54
2.400384937e-01  1.5942718e-53  1.59427e-53
2.424388787e-01  3.0828815e-53  3.08288e-53
2.448632675e-01  2.2615111e-52  2.26151e-52
2.473119001e-01  5.0190487e-52  5.01905e-52
2.497850191e-01  2.1585594e-51  2.15856e-51
2.522828693e-01  1.1697317e-50  1.16973e-50
2.548056980e-01  3.5358564e-50  3.53586e-50
2.573537550e-01  1.0771443e-49  1.07714e-49
2.599272926e-01  4.5840011e-49  4.58400e-49
2.625265655e-01  1.4099466e-48  1.40995e-48
2.651518311e-01  3.8614518e-48  3.86145e-48
2.678033494e-01  1.4235038e-47  1.42350e-47
2.704813829e-01  5.0308927e-47  5.03089e-47
2.731861968e-01  1.4083662e-46  1.40837e-46
2.759180587e-01  3.9970730e-46  3.99707e-46
2.786772393e-01  1.0628622e-45  1.06286e-45
2.814640117e-01  1.1563343e-45  1.15633e-45
2.842786518e-01  1.4651788e-44  1.46518e-44
2.871214384e-01  3.8275076e-44  3.82751e-44
2.899926527e-01  9.2382615e-44  9.23826e-44
2.928925793e-01  3.3318420e-43  3.33184e-43
2.958215051e-01  2.4522463e-43  2.45225e-43
2.987797201e-01  1.9436232e-42  1.94362e-42
3.017675173e-01  3.5889661e-42  3.58897e-42
3.047851925e-01  1.9671680e-41  1.96717e-41
3.078330444e-01  3.8619618e-41  3.86196e-41
3.109113749e-01  5.9942621e-41  5.99426e-41
3.140204886e-01  5.1856189e-41  5.18562e-41
3.171606935e-01  1.5455361e-39  1.54554e-39
3.203323004e-01  8.2740353e-40  8.27404e-40
3.235356234e-01  3.3745453e-39  3.37455e-39
3.267709797e-01  1.4676160e-38  1.46762e-38
3.300386895e-01  2.4713343e-38  2.47133e-38
3.333390764e-01  2.9904037e-38  2.99040e-38
3.366724671e-01  1.9494434e-39  1.94944e-39
3.400391918e-01  6.9989951e-37  6.99900e-37
3.434395837e-01  1.0337061e-36  1.03371e-36
3.468739795e-01  1.7723517e-37  1.77235e-37
3.503427193e-01  8.1567514e-36  8.15675e-36
3.538461465e-01  1.9229506e-35  1.92295e-35
3.573846080e-01  4.8459370e-35  4.84594e-35
3.609584541e-01  1.6911398e-35  1.69114e-35
3.645680386e-01  1.9154346e-36  1.91543e-36
3.682137190e-01  4.2623537e-34  4.26235e-34
3.718958562e-01  3.9956143e-34  3.99561e-34
3.756148148e-01  2.1003471e-34  2.10035e-34
3.793709629e-01  1.0185947e-33  1.01859e-33
3.831646725e-01  3.5814269e-33  3.58143e-33
3.869963193e-01  4.1074031e-32  4.10740e-32
3.908662824e-01  6.9426241e-32  6.94262e-32
3.947749453e-01  1.7921579e-32  1.79216e-32
3.987226947e-01  1.1216796e-36  1.12168e-36
4.027099217e-01  5.5555073e-32  5.55551e-32
4.067370209e-01  1.6908533e-31  1.69085e-31
4.108043911e-01  7.1254829e-31  7.12548e-31
4.149124350e-01  1.2459338e-31  1.24593e-31
4.190615594e-01  8.9457978e-33  8.94580e-33
4.232521750e-01  5.6021294e-30  5.60213e-30
4.274846967e-01  1.1097218e-30  1.10972e-30
4.317595437e-01  1.0500205e-29  1.05002e-29
4.360771391e-01  6.6469772e-31  6.64698e-31
4.404379105e-01  1.0092853e-37  1.00929e-37
4.448422896e-01  1.3839444e-39  1.38394e-39
4.492907125e-01  1.2771035e-29  1.27710e-29
4.537836196e-01  4.0568857e-43  4.05689e-43
4.583214558e-01  2.8432848e-44  2.84328e-44
4.629046704e-01  5.6047371e-44  5.60474e-44
4.675337171e-01  1.4230594e-43  1.42306e-43
4.722090543e-01  3.9276752e-43  3.92768e-43
4.769311448e-01  1.1977540e-42  1.19775e-42
4.817004562e-01  7.1080357e-43  7.10804e-43
4.865174608e-01  1.4410873e-43  1.44109e-43
4.913826354e-01  1.7531387e-42  1.75314e-42
4.962964618e-01  5.7077269e-42  5.70773e-42
5.012594264e-01  9.0104691e-42  9.01047e-42
5.062720206e-01  5.2852141e-42  5.28521e-42
5.113347409e-01  8.4670198e-42  8.46702e-42
5.164480883e-01  2.3075429e-41  2.30754e-41
5.216125691e-01  3.9088476e-41  3.90885e-41
5.268286948e-01  7.2870377e-41  7.28704e-41
5.320969818e-01  1.0657041e-40  1.06570e-40
5.374179516e-01  5.3110647e-41  5.31106e-41
5.427921311e-01  8.3812906e-42  8.38129e-42
5.482200524e-01  4.3474119e-40  4.34741e-40
5.537022530e-01  1.1425638e-39  1.14256e-39
5.592392755e-01  1.9714874e-39  1.97149e-39
5.648316682e-01  3.8077007e-39  3.80770e-39
5.704799849e-01  5.0754084e-39  5.07541e-39
5.761847848e-01  6.0305774e-39  6.03058e-39
5.819466326e-01  2.6715349e-38  2.67153e-38
5.877660989e-01  5.0695171e-38  5.06952e-38
5.936437599e-01  6.7135127e-38  6.71351e-38
5.995801975e-01  1.4252072e-37  1.42521e-37
6.055759995e-01  3.1595467e-37  3.15955e-37
6.116317595e-01  1.2582716e-37  1.25827e-37
6.177480771e-01  3.6138585e-39  3.61386e-39
6.239255579e-01  5.4539022e-38  5.45390e-38
6.301648135e-01  2.9097607e-36  2.90976e-36
6.364664616e-01  5.9690663e-36  5.96907e-36
6.428311262e-01  7.7277702e-36  7.72777e-36
6.492594375e-01  9.8497012e-36  9.84970e-36
6.557520318e-01  1.5223763e-35  1.52238e-35
6.623095522e-01  1.7677656e-35  1.76777e-35
6.689326477e-01  3.9672131e-35  3.96721e-35
6.756219742e-01  2.5053145e-34  2.50531e-34
6.823781939e-01  3.8169867e-34  3.81699e-34
6.892019758e-01  6.6008344e-34  6.60083e-34
6.960939956e-01  8.0630238e-34  8.06302e-34
7.030549355e-01  3.7303488e-34  3.73035e-34
7.100854849e-01  2.0625319e-33  2.06253e-33
7.171863398e-01  4.2463108e-34  4.24631e-34
7.243582032e-01  4.4336005e-36  4.43360e-36
7.316017852e-01  2.8089444e-35  2.80894e-35
7.389178030e-01  1.0852265e-32  1.08523e-32
7.463069811e-01  6.1474896e-32  6.14749e-32
7.537700509e-01  1.1224963e-31  1.12250e-31
7.613077514e-01  1.4486527e-31  1.44865e-31
7.689208289e-01  1.5113456e-31  1.51135e-31
7.766100372e-01  1.5492728e-31  1.54927e-31
7.843761376e-01  9.9006147e-32  9.90061e-32
7.922198989e-01  1.9041209e-31  1.90412e-31
8.001420979e-01  2.7971084e-31  2.79711e-31
8.081435189e-01  1.7844784e-30  1.78448e-30
8.162249541e-01  8.1068499e-30  8.10685e-30
8.243872036e-01  2.3183982e-29  2.31840e-29
8.326310757e-01  5.3819591e-29  5.38196e-29
8.409573864e-01  9.9746411e-29  9.97464e-29
8.493669603e-01  1.4787834e-28  1.47878e-28
8.578606299e-01  2.3881218e-28  2.38812e-28
8.664392362e-01  2.8419172e-28  2.84192e-28
8.751036286e-01  5.2589953e-29  5.25900e-29
8.838546648e-01  4.2304167e-30  4.23042e-30
8.926932115e-01  1.7257975e-30  1.72580e-30
9.016201436e-01  4.4756745e-29  4.47567e-29
9.106363450e-01  1.3206928e-27  1.32069e-27
9.197427085e-01  5.7576083e-27  5.75761e-27
9.289401356e-01  3.2117191e-28  3.21172e-28
9.382295369e-01  6.5433724e-27  6.54337e-27
9.476118323e-01  3.4855584e-26  3.48556e-26
9.570879506e-01  3.8638697e-26  3.86387e-26
9.666588301e-01  2.2455211e-26  2.24552e-26
9.763254184e-01  1.9017425e-26  1.90174e-26
9.860886726e-01  1.6116696e-26  1.61167e-26
9.959495593e-01  1.6343005e-26  1.63430e-26
1.005909055e+00  2.8212402e-26  2.82124e-26
1.015968145e+00  7.2763066e-26  7.27631e-26
1.026127827e+00  2.5387078e-25  2.53871e-25
1.036389105e+00  6.8329683e-25  6.83297e-25
1.046752996e+00  1.3152125e-24  1.31521e-24
1.057220526e+00  3.3552779e-24  3.35528e-24
1.067792731e+00  1.2138708e-23  1.21387e-23
1.078470659e+00  3.1533482e-23  3.15335e-23
1.089255365e+00  3.9792069e-23  3.97921e-23
1.100147919e+00  4.2643475e-23  4.26435e-23
1.111149398e+00  1.4399173e-23  1.43992e-23
1.122260892e+00  3.5077301e-24  3.50773e-24
1.133483501e+00  1.9668110e-24  1.96681e-24
1.144818336e+00  3.6622090e-24  3.66221e-24
1.156266520e+00  9.9016625e-24  9.90166e-24
1.167829185e+00  1.8964409e-23  1.89644e-23
1.179507477e+00  2.6379227e-23  2.63792e-23
1.191302551e+00  1.0469337e-22  1.04693e-22
1.203215577e+00  4.7538717e-22  4.75387e-22
1.215247733e+00  1.2923900e-21  1.29239e-21
1.227400210e+00  1.7527911e-21  1.75279e-21
1.239674212e+00  3.8549985e-21  3.85500e-21
1.252070954e+00  7.4997454e-21  7.49975e-21
1.264591664e+00  1.3378994e-20  1.33790e-20
1.277237580e+00  2.9704388e-20  2.97044e-20
1.290009956e+00  4.8982709e-20  4.89827e-20
1.302910056e+00  8.8256588e-20  8.82566e-20
1.315939156e+00  6.5276335e-20  6.52763e-20
1.329098548e+00  1.2635068e-19  1.26351e-19
1.342389533e+00  2.1029038e-19  2.10290e-19
1.355813429e+00  5.8827667e-19  5.88277e-19
1.369371563e+00  9.9324012e-19  9.93240e-19
1.383065279e+00  2.1805149e-18  2.18051e-18
1.396895931e+00  3.7049085e-18  3.70491e-18
1.410864891e+00  5.9848805e-18  5.98488e-18
1.424973540e+00  5.3077608e-18  5.30776e-18
1.439223275e+00  3.7874305e-18  3.78743e-18
1.453615508e+00  4.7391649e-18  4.73916e-18
1.468151663e+00  7.6908283e-18  7.69083e-18
1.482833179e+00  8.2779327e-18  8.27793e-18
1.497661511e+00  3.2794826e-18  3.27948e-18
1.512638126e+00  4.0650766e-18  4.06508e-18
1.527764508e+00  2.9336683e-18  2.93367e-18
1.543042153e+00  3.8307279e-18  3.83073e-18
1.558472574e+00  8.0977266e-18  8.09773e-18
1.574057300e+00  8.8647206e-18  8.86472e-18
1.589797873e+00  1.9193107e-17  1.91931e-17
1.605695852e+00  1.3734637e-16  1.37346e-16
1.621752810e+00  4.2219353e-15  4.22194e-15
1.637970338e+00  1.3838354e-14  1.38384e-14
1.654350042e+00  3.0785012e-14  3.07850e-14
1.670893542e+00  4.7492143e-14  4.74921e-14
1.687602477e+00  9.2924385e-14  9.29244e-14
1.704478502e+00  2.9953797e-13  2.99538e-13
1.721523287e+00  3.8181273e-13  3.81813e-13
1.738738520e+00  3.6949294e-13  3.69493e-13
1.756125905e+00  4.6309645e-13  4.63096e-13
1.773687164e+00  1.3158972e-12  1.31590e-12
1.791424036e+00  1.9733403e-12  1.97334e-12
1.809338276e+00  1.5462164e-12  1.54622e-12
1.827431659e+00  1.5974738e-12  1.59747e-12
1.845705976e+00  2.3279749e-12  2.32797e-12
1.864163036e+00  1.4786002e-12  1.47860e-12
1.882804666e+00  7.3573506e-13  7.35735e-13
1.901632713e+00  1.7090768e-12  1.70908e-12
1.920649040e+00  5.2868838e-12  5.28688e-12
1.939855530e+00  4.8629114e-12  4.86291e-12
1.959254085e+00  4.2300774e-12  4.23008e-12
1.978846626e+00  3.3921956e-12  3.39220e-12
1.998635092e+00  3.0099653e-12  3.00997e-12
2.018621443e+00  2.5536746e-12  2.55367e-12
2.038807658e+00  3.3464178e-12  3.34642e-12
2.059195734e+00  5.9796694e-12  5.97967e-12
2.079787692e+00  9.8562463e-12  9.85625e-12
2.100585569e+00  1.9472844e-11  1.94728e-11
2.121591424e+00  7.2094926e-11  7.20949e-11
2.142807339e+00  7.3115169e-10  7.31152e-10
2.164235412e+00  4.1950747e-09  4.19507e-09
2.185877766e+00  2.8980241e-09  2.89802e-09
2.207736544e+00  1.4588189e-08  1.45882e-08
2.229813909e+00  2.3805978e-08  2.38060e-08
2.252112048e+00  5.1876238e-08  5.18762e-08
2.274633169e+00  7.7010554e-08  7.70106e-08
2.297379500e+00  1.8327387e-07  1.83274e-07
2.320353295e+00  2.1241127e-07  2.12411e-07
2.343556828e+00  3.6003338e-07  3.60033e-07
2.366992397e+00  4.9048792e-07  4.90488e-07
2.390662321e+00  3.9527075e-07  3.95271e-07
2.414568944e+00  3.8213869e-07  3.82139e-07
2.438714633e+00  4.4337155e-07  4.43372e-07
2.463101780e+00  3.3952259e-07  3.39523e-07
2.487732797e+00  2.8099095e-07  2.80991e-07
2.512610125e+00  3.4762658e-07  3.47627e-07
2.537736227e+00  5.3332300e-07  5.33323e-07
2.563113589e+00  2.0315712e-06  2.03157e-06
2.588744725e+00  2.4689837e-06  2.46898e-06
2.614632172e+00  1.4933303e-06  1.49333e-06
2.640778494e+00  5.5922884e-07  5.59229e-07
2.667186279e+00  2.6803148e-07  2.68031e-07
2.693858142e+00  2.0667911e-07  2.06679e-07
2.720796723e+00  1.3962870e-07  1.39629e-07
2.748004690e+00  9.9291079e-08  9.92911e-08
2.775484737e+00  7.6788022e-08  7.67880e-08
2.803239584e+00  2.4116543e-07  2.41165e-07
2.831271980e+00  4.6792500e-07  4.67925e-07
2.859584700e+00  8.4287872e-07  8.42879e-07
2.888180547e+00  7.0784722e-07  7.07847e-07
2.917062353e+00  4.4744636e-07  4.47446e-07
2.946232976e+00  6.1949871e-07  6.19499e-07
2.975695306e+00  9.9019214e-07  9.90192e-07
3.005452259e+00  1.1363518e-06  1.13635e-06
3.035506781e+00  8.8809954e-07  8.88100e-07
3.065861849e+00  2.7372445e-06  2.73724e-06
3.096520468e+00  1.8281650e-05  1.82816e-05
3.127485672e+00  1.3957306e-04  1.39573e-04
3.158760529e+00  5.3525682e-04  5.35257e-04
3.190348134e+00  1.7614087e-03  1.76141e-03
3.222251616e+00  3.2133819e-03  3.21338e-03
3.254474132e+00  5.9788644e-03  5.97886e-03
3.287018873e+00  4.7443750e-03  4.74437e-03
3.319889062e+00  1.5159173e-02  1.51592e-02
3.353087953e+00  1.0858210e-02  1.08582e-02
3.386618832e+00  1.2525628e-02  1.25256e-02
3.420485021e+00  1.7217643e-02  1.72176e-02
3.454689871e+00  1.5093078e-02  1.50931e-02
3.489236769e+00  2.0103678e-02  2.01037e-02
3.524129137e+00  1.7447823e-02  1.74478e-02
3.559370428e+00  2.4404307e-02  2.44043e-02
3.594964133e+00  2.8382492e-02  2.83825e-02
3.630913774e+00  2.1633060e-02  2.16331e-02
3.667222912e+00  1.9177530e-02  1.91775e-02
3.703895141e+00  2.9233728e-02  2.92337e-02
3.740934092e+00  3.3650862e-02  3.36509e-02
3.778343433e+00  4.2345736e-02  4.23457e-02
3.816126868e+00  2.9392639e-02  2.93926e-02
3.854288136e+00  6.2437634e-02  6.24376e-02
3.892831018e+00  6.0569209e-02  6.05692e-02
3.931759328e+00  5.8738726e-02  5.87387e-02
3.971076921e+00  5.4667877e-02  5.46679e-02
4.010787690e+00  3.9238740e-02  3.92387e-02
4.050895567e+00  3.6966697e-02  3.69667e-02
4.091404523e+00  2.5866436e-02  2.58664e-02
4.132318568e+00  2.2173585e-02  2.21736e-02
4.173641754e+00  2.5655475e-02  2.56555e-02
4.215378171e+00  3.2248387e-02  3.22484e-02
4.257531953e+00  3.0527815e-02  3.05278e-02
4.300107273e+00  2.9592949e-02  2.95929e-02
4.343108345e+00  2.9045349e-02  2.90453e-02
4.386539429e+00  6.1079506e-02  6.10795e-02
4.430404823e+00  1.0655191e-01  1.06552e-01
4.474708871e+00  1.0458379e-01  1.04584e-01
4.519455960e+00  7.8981102e-02  7.89811e-02
4.564650520e+00  1.4618430e-01  1.46184e-01
4.610297025e+00  1.7113909e-01  1.71139e-01
4.656399995e+00  1.6052259e-01  1.60523e-01
4.702963995e+00  1.6453808e-01  1.64538e-01
4.749993635e+00  1.5993978e-01  1.59940e-01
4.797493571e+00  1.9046183e-01  1.90462e-01
4.845468507e+00  2.3826245e-01  2.38262e-01
4.893923192e+00  2.9954495e-01  2.99545e-01
4.942862424e+00  3.7100445e-01  3.71004e-01
4.992291048e+00  4.5685458e-01  4.56855e-01
5.042213959e+00  5.5976267e-01  5.59763e-01
5.092636098e+00  6.8394652e-01  6.83947e-01
5.143562459e+00  8.2452236e-01  8.24522e-01
5.194998084e+00  9.8996367e-01  9.89964e-01
5.246948065e+00  1.1876448e+00  1.18764e+00
5.299417545e+00  1.4124647e+00  1.41246e+00
5.352411721e+00  1.6717150e+00  1.67172e+00
5.405935838e+00  1.9775683e+00  1.97757e+00
5.459995196e+00  2.3256657e+00  2.32567e+00
5.514595148e+00  2.7282698e+00  2.72827e+00
5.569741100e+00  3.2285224e+00  3.22852e+00
5.625438511e+00  3.7473833e+00  3.74738e+00
5.681692896e+00  4.3983722e+00  4.39837e+00
5.738509825e+00  5.1681181e+00  5.16812e+00
5.795894923e+00  6.0947974e+00  6.09480e+00
5.853853872e+00  7.5974110e+00  7.59741e+00
5.912392411e+00  1.0340990e+01  1.03410e+01
5.971516335e+00  1.4255633e+01  1.42556e+01
6.031231499e+00  2.5330183e+01  2.53302e+01
6.091543814e+00  3.7188687e+01  3.71887e+01
6.152459252e+00  4.5618086e+01  4.56181e+01
6.213983844e+00  4.9968560e+01  4.99686e+01
6.276123683e+00  5.6475845e+01  5.64758e+01
6.338884920e+00  4.9097743e+01  4.90977e+01
6.402273769e+00  5.2056955e+01  5.20570e+01
6.466296506e+00  1.8854046e+02  1.88540e+02
6.530959471e+00  1.5420848e+02  1.54208e+02
6.596269066e+00  5.4557567e+01  5.45576e+01
6.662231757e+00  8.5038199e+01  8.50382e+01
6.728854074e+00  1.5114458e+02  1.51145e+02
6.796142615e+00  2.0410276e+02  2.04103e+02
6.864104041e+00  2.5873492e+02  2.58735e+02
6.932745082e+00  2.4818896e+02  2.48189e+02
7.002072533e+00  3.1612581e+02  3.16126e+02
7.072093258e+00  2.9769045e+02  2.97690e+02
7.142814190e+00  3.1118723e+02  3.11187e+02
7.214242332e+00  4.1004102e+02  4.10041e+02
7.286384756e+00  9.0560439e+02  9.05604e+02
7.359248603e+00  2.3708183e+03  2.37082e+03
7.432841089e+00  4.1942377e+03  4.19424e+03
7.507169500e+00  4.6522743e+03  4.65227e+03
7.582241195e+00  2.5868766e+03  2.58688e+03
7.658063607e+00  8.1381085e+03  8.13811e+03
7.734644243e+00  6.4257425e+03  6.42574e+03
7.811990686e+00  6.0073631e+03  6.00736e+03
7.890110592e+00  6.3071499e+03  6.30715e+03
7.969011698e+00  4.0825193e+03  4.08252e+03
8.048701815e+00  3.2995029e+03  3.29950e+03
8.129188834e+00  1.9886017e+03  1.98860e+03
8.210480722e+00  1.6649399e+03  1.66494e+03
8.292585529e+00  1.6690959e+03  1.66910e+03
8.375511384e+00  1.4978657e+03  1.49787e+03
8.459266498e+00  1.4724286e+03  1.47243e+03
8.543859163e+00  1.6050189e+03  1.60502e+03
8.629297755e+00  1.9471062e+03  1.94711e+03
8.715590732e+00  1.7898619e+03  1.78986e+03
8.802746640e+00  1.8976489e+03  1.89765e+03
8.890774106e+00  2.0206915e+03  2.02069e+03
8.979681847e+00  2.1792993e+03  2.17930e+03
9.069478666e+00  2.3603686e+03  2.36037e+03
9.160173452e+00  2.5521653e+03  2.55217e+03
9.251775187e+00  2.7653252e+03  2.76533e+03
9.344292939e+00  3.0201546e+03  3.02015e+03
9.437735868e+00  3.3029850e+03  3.30298e+03
9.532113227e+00  3.6144742e+03  3.61447e+03
9.627434359e+00  3.9571807e+03  3.95718e+03
9.723708703e+00  4.3273163e+03  4.32732e+03
9.820945790e+00  4.7296961e+03  4.72970e+03
9.919155248e+00  5.1569875e+03  5.15699e+03
1.001834680e+01  5.6072680e+03  5.60727e+03
1.011853027e+01  6.0536529e+03  6.05365e+03
1.021971557e+01  6.5362330e+03  6.53623e+03
1.032191273e+01  7.0494528e+03  7.04945e+03
1.042513185e+01  7.6019333e+03  7.60193e+03
1.052938317e+01  8.1749642e+03  8.17496e+03
1.063467700e+01  8.7820100e+03  8.78201e+03
1.074102377e+01  9.4164806e+03  9.41648e+03
1.084843401e+01  1.0108396e+04  1.01084e+04
1.095691835e+01  1.0827221e+04  1.08272e+04
1.106648754e+01  1.1579418e+04  1.15794e+04
1.117715241e+01  1.2373353e+04  1.23734e+04
1.128892393e+01  1.3200144e+04  1.32001e+04
1.140181317e+01  1.4074748e+04  1.40747e+04
1.151583131e+01  1.4996415e+04  1.49964e+04
1.163098962e+01  1.5958948e+04  1.59589e+04
1.174729952e+01  1.6975546e+04  1.69755e+04
1.186477251e+01  1.8044155e+04  1.80442e+04
1.198342024e+01  1.9173927e+04  1.91739e+04
1.210325444e+01  2.0366907e+04  2.03669e+04
1.222428698e+01  2.1606335e+04  2.16063e+04
1.234652985e+01  2.2907360e+04  2.29074e+04
1.246999515e+01  2.4318957e+04  2.43190e+04
1.259469510e+01  2.5748878e+04  2.57489e+04
1.272064205e+01  2.7251186e+04  2.72512e+04
1.284784847e+01  2.8833010e+04  2.88330e+04
1.297632696e+01  3.0427573e+04  3.04276e+04
1.310609023e+01  3.2062186e+04  3.20622e+04
1.323715113e+01  3.3730195e+04  3.37302e+04
1.336952264e+01  3.5437902e+04  3.54379e+04
1.350321787e+01  3.7183760e+04  3.71838e+04
1.363825005e+01  3.8963229e+04  3.89632e+04
1.377463255e+01  4.0787135e+04  4.07871e+04
1.391237887e+01  4.2652934e+04  4.26529e+04
1.405150266e+01  4.4556302e+04  4.45563e+04
1.419201769e+01  4.6500343e+04  4.65003e+04
1.433393786e+01  4.8499893e+04  4.84999e+04
1.447727724e+01  5.0560881e+04  5.05609e+04
1.462205002e+01  5.2690273e+04  5.26903e+04
1.476827052e+01  5.4888352e+04  5.48884e+04
1.491595322e+01  5.7160498e+04  5.71605e+04
1.506511275e+01  5.9529077e+04  5.95291e+04
1.521576388e+01  6.1991252e+04  6.19913e+04
1.536792152e+01  6.4575740e+04  6.45757e+04
1.552160073e+01  6.7299235e+04  6.72992e+04
1.567681674e+01  7.0148464e+04  7.01485e+04
1.583358491e+01  7.3140660e+04  7.31407e+04
1.599192076e+01  7.6321485e+04  7.63215e+04
1.615183997e+01  7.9671223e+04  7.96712e+04
1.631335837e+01  8.3211037e+04  8.32110e+04
1.647649195e+01  8.6909301e+04  8.69093e+04
1.664125687e+01  9.0850213e+04  9.08502e+04
1.680766944e+01  9.5054456e+04  9.50545e+04
1.697574613e+01  9.9472363e+04  9.94724e+04
1.714550359e+01  1.0410237e+05  1.04102e+05
1.731695863e+01  1.0915337e+05  1.09153e+05
1.749012822e+01  1.1472499e+05  1.14725e+05
1.766502950e+01  1.2060395e+05  1.20604e+05
1.784167979e+01  1.2678149e+05  1.26781e+05
1.802009659e+01  1.3345308e+05  1.33453e+05
1.820029756e+01  1.4046656e+05  1.40467e+05
1.838230053e+01  1.4778145e+05  1.47781e+05
1.856612354e+01  1.5528697e+05  1.55287e+05
1.875178477e+01  1.6284333e+05  1.62843e+05
1.893930262e+01  1.7053830e+05  1.70538e+05
1.912869565e+01  1.7839764e+05  1.78398e+05
1.931998260e+01  1.8616155e+05  1.86162e+05
1.951318243e+01  1.9380640e+05  1.93806e+05
1.970831425e+01  2.0134915e+05  2.01349e+05
1.990539740e+01  2.0875823e+05  2.08758e+05
2.010445137e+01  2.1611597e+05  2.16116e+05
2.030549588e+01  2.2340456e+05  2.23405e+05
2.050855084e+01  2.3053566e+05  2.30536e+05
2.071363635e+01  2.3749554e+05  2.37496e+05
2.092077271e+01  2.4449793e+05  2.44498e+05
2.112998044e+01  2.5155305e+05  2.51553e+05
2.134128025e+01  2.5853971e+05  2.58540e+05
2.155469305e+01  2.6530960e+05  2.65310e+05
2.177023998e+01  2.7205444e+05  2.72054e+05
2.198794238e+01  2.7867225e+05  2.78672e+05
2.220782180e+01  2.8526465e+05  2.85265e+05
2.242990002e+01  2.9181267e+05  2.91813e+05
2.265419902e+01  2.9834944e+05  2.98349e+05
2.288074101e+01  3.0479803e+05  3.04798e+05
2.310954842e+01  3.1117306e+05  3.11173e+05
2.334064391e+01  3.1752262e+05  3.17523e+05
2.357405034e+01  3.2380031e+05  3.23800e+05
2.380979085e+01  3.2999328e+05  3.29993e+05
2.404788876e+01  3.3615558e+05  3.36156e+05
2.428836764e+01  3.4225981e+05  3.42260e+05
2.453125132e+01  3.4830704e+05  3.48307e+05
2.477656383e+01  3.5432112e+05  3.54321e+05
2.502432947e+01  3.6030500e+05  3.60305e+05
2.527457277e+01  3.6642208e+05  3.66422e+05
2.552731849e+01  3.7251389e+05  3.72514e+05
2.578259168e+01  3.7874730e+05  3.78747e+05
2.604041760e+01  3.8507883e+05  3.85079e+05
2.630082177e+01  3.9130897e+05  3.91309e+05
2.656382999e+01  3.9775247e+05  3.97752e+05
2.682946829e+01  4.0426426e+05  4.04264e+05
2.709776297e+01  4.1089069e+05  4.10891e+05
2.736874060e+01  4.1759580e+05  4.17596e+05
2.764242801e+01  4.2495140e+05  4.24951e+05
2.791885229e+01  4.3212022e+05  4.32120e+05
2.819804081e+01  4.4226258e+05  4.42263e+05
2.848002122e+01  4.4630056e+05  4.46301e+05
2.876482143e+01  4.5615173e+05  4.56152e+05
2.905246965e+01  4.6413745e+05  4.64137e+05
2.934299434e+01  4.7210145e+05  4.72101e+05
2.963642429e+01  4.8020046e+05  4.80200e+05
2.993278853e+01  4.8845111e+05  4.88451e+05
3.023211641e+01  4.9683096e+05  4.96831e+05
3.053443758e+01  5.0567924e+05  5.05679e+05
3.083978195e+01  5.1452195e+05  5.14522e+05
3.114817977e+01  5.2296729e+05  5.22967e+05
3.145966157e+01  5.3086180e+05  5.30862e+05
3.177425819e+01  5.3851738e+05  5.38517e+05
3.209200077e+01  5.4590760e+05  5.45908e+05
3.241292078e+01  5.5304656e+05  5.53047e+05
3.273704998e+01  5.6014695e+05  5.60147e+05
3.306442048e+01  5.6696097e+05  5.66961e+05
3.339506469e+01  5.7334703e+05  5.73347e+05
3.372901534e+01  5.7914112e+05  5.79141e+05
3.406630549e+01  5.8465192e+05  5.84652e+05
3.440696854e+01  5.8996040e+05  5.89960e+05
3.475103823e+01  5.9484085e+05  5.94841e+05
3.509854861e+01  5.9936762e+05  5.99368e+05
3.544953410e+01  6.0366612e+05  6.03666e+05
3.580402944e+01  6.0767883e+05  6.07679e+05
3.616206973e+01  6.1135534e+05  6.11355e+05
3.652369043e+01  6.1477851e+05  6.14779e+05
3.688892733e+01  6.1790151e+05  6.17902e+05
3.725781661e+01  6.2068722e+05  6.20687e+05
3.763039477e+01  6.2315413e+05  6.23154e+05
3.800669872e+01  6.2549290e+05  6.25493e+05
3.838676571e+01  6.2758117e+05  6.27581e+05
3.877063337e+01  6.2950549e+05  6.29505e+05
3.915833970e+01  6.3120305e+05  6.31203e+05
3.954992310e+01  6.3268993e+05  6.32690e+05
3.994542233e+01  6.3403075e+05  6.34031e+05
4.034487655e+01  6.3510273e+05  6.35103e+05
4.074832532e+01  6.3596608e+05  6.35966e+05
4.115580857e+01  6.3662327e+05  6.36623e+05
4.156736666e+01  6.3678510e+05  6.36785e+05
4.198304032e+01  6.3673591e+05  6.36736e+05
4.240287073e+01  6.3650569e+05  6.36506e+05
4.282689943e+01  6.3603874e+05  6.36039e+05
4.325516843e+01  6.3497318e+05  6.34973e+05
4.368772011e+01  6.3357904e+05  6.33579e+05
4.412459731e+01  6.3152268e+05  6.31523e+05
4.456584329e+01  6.2937719e+05  6.29377e+05
4.501150172e+01  6.2650162e+05  6.26502e+05
4.546161674e+01  6.2351447e+05  6.23514e+05
4.591623290e+01  6.2031848e+05  6.20318e+05
4.637539523e+01  6.1718869e+05  6.17189e+05
4.683914918e+01  6.1430714e+05  6.14307e+05
4.730754068e+01  6.1175577e+05  6.11756e+05
4.778061608e+01  6.0957573e+05  6.09576e+05
4.825842224e+01  6.0752098e+05  6.07521e+05
4.874100647e+01  6.0551085e+05  6.05511e+05
4.922841653e+01  6.0352891e+05  6.03529e+05
4.972070070e+01  6.0143558e+05  6.01436e+05
5.021790770e+01  5.9923397e+05  5.99234e+05
5.072008678e+01  5.9693711e+05  5.96937e+05
5.122728765e+01  5.9452093e+05  5.94521e+05
5.173956052e+01  5.9199532e+05  5.91995e+05
5.225695613e+01  5.8936276e+05  5.89363e+05
5.277952569e+01  5.8661905e+05  5.86619e+05
5.330732095e+01  5.8374197e+05  5.83742e+05
5.384039416e+01  5.8065193e+05  5.80652e+05
5.437879810e+01  5.7733172e+05  5.77332e+05
5.492258608e+01  5.7372807e+05  5.73728e+05
5.547181194e+01  5.6995082e+05  5.69951e+05
5.602653006e+01  5.6634483e+05  5.66345e+05
5.658679536e+01  5.6215976e+05  5.62160e+05
5.715266331e+01  5.5833882e+05  5.58339e+05
5.772418995e+01  5.5491505e+05  5.54915e+05
5.830143185e+01  5.5177228e+05  5.51772e+05
5.888444617e+01  5.4959049e+05  5.49590e+05
5.947329063e+01  5.4779076e+05  5.47791e+05
6.006802353e+01  5.4620741e+05  5.46207e+05
6.066870377e+01  5.4347712e+05  5.43477e+05
6.127539081e+01  5.4032251e+05  5.40323e+05
6.188814471e+01  5.3679655e+05  5.36797e+05
6.250702616e+01  5.3308881e+05  5.33089e+05
6.313209642e+01  5.2897645e+05  5.28976e+05
6.376341739e+01  5.2482274e+05  5.24823e+05
6.440105156e+01  5.2046585e+05  5.20466e+05
6.504506208e+01  5.1595489e+05  5.15955e+05
6.569551270e+01  5.1139327e+05  5.11393e+05
6.635246782e+01  5.0675524e+05  5.06755e+05
6.701599250e+01  5.0206119e+05  5.02061e+05
6.768615243e+01  4.9732399e+05  4.97324e+05
6.836301395e+01  4.9255891e+05  4.92559e+05
6.904664409e+01  4.8780569e+05  4.87806e+05
6.973711053e+01  4.8292665e+05  4.82927e+05
7.043448164e+01  4.7807876e+05  4.78079e+05
7.113882645e+01  4.7326968e+05  4.73270e+05
7.185021472e+01  4.6844739e+05  4.68447e+05
7.256871687e+01  4.6360451e+05  4.63605e+05
7.329440403e+01  4.5878080e+05  4.58781e+05
7.402734807e+01  4.5424053e+05  4.54241e+05
7.476762156e+01  4.4916853e+05  4.49169e+05
7.551529777e+01  4.4442952e+05  4.44430e+05
7.627045075e+01  4.3971820e+05  4.39718e+05
7.703315526e+01  4.3517173e+05  4.35172e+05
7.780348681e+01  4.3062445e+05  4.30624e+05
7.858152168e+01  4.2607336e+05  4.26073e+05
7.936733689e+01  4.2152121e+05  4.21521e+05
8.016101026e+01  4.1735761e+05  4.17358e+05
8.096262037e+01  4.1247735e+05  4.12477e+05
8.177224657e+01  4.0798347e+05  4.07983e+05
8.258996903e+01  4.0349565e+05  4.03496e+05
8.341586873e+01  3.9901955e+05  3.99020e+05
8.425002741e+01  3.9455892e+05  3.94559e+05
8.509252769e+01  3.9011060e+05  3.90111e+05
8.594345296e+01  3.8565502e+05  3.85655e+05
8.680288749e+01  3.8141441e+05  3.81414e+05
8.767091637e+01  3.7690384e+05  3.76904e+05
8.854762553e+01  3.7233971e+05  3.72340e+05
8.943310179e+01  3.6793746e+05  3.67937e+05
9.032743280e+01  3.6356024e+05  3.63560e+05
9.123070713e+01  3.5917689e+05  3.59177e+05
9.214301420e+01  3.5478118e+05  3.54781e+05
9.306444435e+01  3.5041995e+05  3.50420e+05
9.399508879e+01  3.4609444e+05  3.46094e+05
9.493503968e+01  3.4181063e+05  3.41811e+05
9.588439007e+01  3.3871484e+05  3.38715e+05
9.684323397e+01  3.3324178e+05  3.33242e+05
9.781166631e+01  3.2900681e+05  3.29007e+05
9.878978298e+01  3.2481688e+05  3.24817e+05
9.977768081e+01  3.2067241e+05  3.20672e+05
1.007754576e+02  3.1656107e+05  3.16561e+05
1.017832122e+02  3.1249186e+05  3.12492e+05
1.028010443e+02  3.0844221e+05  3.08442e+05
1.038290548e+02  3.0443882e+05  3.04439e+05
1.048673453e+02  3.0047722e+05  3.00477e+05
1.059160188e+02  2.9747839e+05  2.97478e+05
1.069751789e+02  2.9284267e+05  2.92843e+05
1.080449307e+02  2.8882730e+05  2.88827e+05
1.091253800e+02  2.8502965e+05  2.85030e+05
1.102166338e+02  2.8128537e+05  2.81285e+05
1.113188002e+02  2.7770785e+05  2.77708e+05
1.124319882e+02  2.7451769e+05  2.74518e+05
1.135563081e+02  2.7032929e+05  2.70329e+05
1.146918711e+02  2.6676830e+05  2.66768e+05
1.158387899e+02  2.6327163e+05  2.63272e+05
1.169971778e+02  2.5983606e+05  2.59836e+05
1.181671495e+02  2.5646943e+05  2.56469e+05
1.193488210e+02  2.5534103e+05  2.55341e+05
1.205423092e+02  2.4986535e+05  2.49865e+05
1.217477323e+02  2.4646681e+05  2.46467e+05
1.229652097e+02  2.4312934e+05  2.43129e+05
1.241948618e+02  2.3983708e+05  2.39837e+05
1.254368104e+02  2.3658152e+05  2.36582e+05
1.266911785e+02  2.3336228e+05  2.33362e+05
1.279580903e+02  2.3017909e+05  2.30179e+05
1.292376712e+02  2.2703770e+05  2.27038e+05
1.305300479e+02  2.2392742e+05  2.23927e+05
1.318353483e+02  2.2086347e+05  2.20863e+05
1.331537018e+02  2.1783996e+05  2.17840e+05
1.344852389e+02  2.1485777e+05  2.14858e+05
1.358300912e+02  2.1213541e+05  2.12135e+05
1.371883922e+02  2.0942700e+05  2.09427e+05
1.385602761e+02  2.0615102e+05  2.06151e+05
1.399458788e+02  2.0332523e+05  2.03325e+05
1.413453376e+02  2.0054898e+05  2.00549e+05
1.427587910e+02  1.9781766e+05  1.97818e+05
1.441863789e+02  1.9513369e+05  1.95134e+05
1.456282427e+02  1.9249231e+05  1.92492e+05
1.470845251e+02  1.8989733e+05  1.89897e+05
1.485553704e+02  1.8735233e+05  1.87352e+05
1.500409241e+02  1.8486285e+05  1.84863e+05
1.515413333e+02  1.8242722e+05  1.82427e+05
1.530567467e+02  1.8004821e+05  1.80048e+05
1.545873141e+02  1.7772772e+05  1.77728e+05
1.561331873e+02  1.7546653e+05  1.75467e+05
1.576945191e+02  1.7328751e+05  1.73288e+05
1.592714643e+02  1.7164063e+05  1.71641e+05
1.608641790e+02  1.6890521e+05  1.68905e+05
1.624728208e+02  1.6643549e+05  1.66435e+05
1.640975490e+02  1.6401870e+05  1.64019e+05
1.657385245e+02  1.6164185e+05  1.61642e+05
1.673959097e+02  1.5929460e+05  1.59295e+05
1.690698688e+02  1.5698088e+05  1.56981e+05
1.707605675e+02  1.5470455e+05  1.54705e+05
1.724681732e+02  1.5245925e+05  1.52459e+05
1.741928549e+02  1.5024939e+05  1.50249e+05
1.759347834e+02  1.4807749e+05  1.48077e+05
1.776941313e+02  1.4594030e+05  1.45940e+05
1.794710726e+02  1.4383431e+05  1.43834e+05
1.812657833e+02  1.4176305e+05  1.41763e+05
1.830784411e+02  1.3973040e+05  1.39730e+05
1.849092256e+02  1.3773628e+05  1.37736e+05
1.867583178e+02  1.3576643e+05  1.35766e+05
1.886259010e+02  1.3384007e+05  1.33840e+05
1.905121600e+02  1.3214327e+05  1.32143e+05
1.924172816e+02  1.3009465e+05  1.30095e+05
1.943414544e+02  1.2827016e+05  1.28270e+05
1.962848690e+02  1.2649154e+05  1.26492e+05
1.982477177e+02  1.2475377e+05  1.24754e+05
2.002301948e+02  1.2305601e+05  1.23056e+05
2.022324968e+02  1.2139994e+05  1.21400e+05
2.042548217e+02  1.1978865e+05  1.19789e+05
2.062973700e+02  1.1822523e+05  1.18225e+05
2.083603437e+02  1.1671505e+05  1.16715e+05
2.104439471e+02  1.1518276e+05  1.15183e+05
2.125483866e+02  1.1339312e+05  1.13393e+05
2.146738704e+02  1.1164055e+05  1.11641e+05
2.168206091e+02  1.0989836e+05  1.09898e+05
2.189888152e+02  1.0819215e+05  1.08192e+05
2.211787034e+02  1.0651372e+05  1.06514e+05
2.233904904e+02  1.0486367e+05  1.04864e+05
2.256243953e+02  1.0323957e+05  1.03240e+05
2.278806393e+02  1.0164046e+05  1.01640e+05
2.301594457e+02  1.0006794e+05  1.00068e+05
2.324610401e+02  9.8523816e+04  9.85238e+04
2.347856505e+02  9.7005310e+04  9.70053e+04
2.371335070e+02  9.5517207e+04  9.55172e+04
2.395048421e+02  9.4053802e+04  9.40538e+04
2.418998905e+02  9.2602323e+04  9.26023e+04
2.443188894e+02  9.1184088e+04  9.11841e+04
2.467620783e+02  8.9792997e+04  8.97930e+04
2.492296991e+02  8.8426544e+04  8.84265e+04
2.517219961e+02  8.7084682e+04  8.70847e+04
2.542392161e+02  8.5768363e+04  8.57684e+04
2.567816082e+02  8.4476019e+04  8.44760e+04
2.593494243e+02  8.3209425e+04  8.32094e+04
2.619429185e+02  8.1966903e+04  8.19669e+04
2.645623477e+02  8.0750534e+04  8.07505e+04
2.672079712e+02  7.9559122e+04  7.95591e+04
2.698800509e+02  7.8393359e+04  7.83934e+04
2.725788514e+02  7.7253366e+04  7.72534e+04
2.753046399e+02  7.6139703e+04  7.61397e+04
2.780576863e+02  7.5052550e+04  7.50525e+04
2.808382632e+02  7.3992660e+04  7.39927e+04
2.836466458e+02  7.2960826e+04  7.29608e+04
2.864831123e+02  7.1958200e+04  7.19582e+04
2.893479434e+02  7.0985865e+04  7.09859e+04
2.922414228e+02  7.0045605e+04  7.00456e+04
2.951638371e+02  6.9139198e+04  6.91392e+04
2.981154754e+02  6.8269007e+04  6.82690e+04
3.010966302e+02  6.7324493e+04  6.73245e+04
3.041075965e+02  6.6205643e+04  6.62056e+04
3.071486725e+02  6.5105785e+04  6.51058e+04
3.102201592e+02  6.4024337e+04  6.40243e+04
3.133223608e+02  6.2961315e+04  6.29613e+04
3.164555844e+02  6.1914861e+04  6.19149e+04
3.196201402e+02  6.0886815e+04  6.08868e+04
3.228163416e+02  5.9873689e+04  5.98737e+04
3.260445051e+02  5.8886935e+04  5.88869e+04
3.293049501e+02  5.7911696e+04  5.79117e+04
3.325979996e+02  5.6953354e+04  5.69534e+04
3.359239796e+02  5.6012084e+04  5.60121e+04
3.392832194e+02  5.5087330e+04  5.50873e+04
3.426760516e+02  5.4178758e+04  5.41788e+04
3.461028121e+02  5.3286053e+04  5.32861e+04
3.495638402e+02  5.2408782e+04  5.24088e+04
3.530594786e+02  5.1547570e+04  5.15476e+04
3.565900734e+02  5.0701309e+04  5.07013e+04
3.601559742e+02  4.9870039e+04  4.98700e+04
3.637575339e+02  4.9053670e+04  4.90537e+04
3.673951092e+02  4.8251984e+04  4.82520e+04
3.710690603e+02  4.7464792e+04  4.74648e+04
3.747797509e+02  4.6691838e+04  4.66918e+04
3.785275484e+02  4.5933046e+04  4.59330e+04
3.823128239e+02  4.5188250e+04  4.51882e+04
3.861359522e+02  4.4457202e+04  4.44572e+04
3.899973117e+02  4.3739648e+04  4.37396e+04
3.938972848e+02  4.3035378e+04  4.30354e+04
3.978362577e+02  4.2343704e+04  4.23437e+04
4.018146202e+02  4.1667660e+04  4.16677e+04
4.058327664e+02  4.1004914e+04  4.10049e+04
4.098910941e+02  4.0354858e+04  4.03549e+04
4.139900050e+02  3.9717684e+04  3.97177e+04
4.181299051e+02  3.9093279e+04  3.90933e+04
4.223112041e+02  3.8481538e+04  3.84815e+04
4.265343162e+02  3.7882027e+04  3.78820e+04
4.307996593e+02  3.7293712e+04  3.72937e+04
4.351076559e+02  3.6723034e+04  3.67230e+04
4.394587325e+02  3.6162312e+04  3.61623e+04
4.438533198e+02  3.5614294e+04  3.56143e+04
4.482918530e+02  3.5079189e+04  3.50792e+04
4.527747715e+02  3.4557090e+04  3.45571e+04
4.573025193e+02  3.4048084e+04  3.40481e+04
4.618755445e+02  3.3552418e+04  3.35524e+04
4.664942999e+02  3.3070435e+04  3.30704e+04
4.711592429e+02  3.2602485e+04  3.26025e+04
4.758708353e+02  3.2148705e+04  3.21487e+04
4.806295437e+02  3.1710341e+04  3.17103e+04
4.854358391e+02  3.1287555e+04  3.12876e+04
4.902901975e+02  3.0881486e+04  3.08815e+04
4.951930995e+02  3.0493245e+04  3.04932e+04
